[5000, 5000, 5000, 5000, 5000, 5000, 5000, 5000, 5000, 5000, 5000, 5000, 5000, 5000, 5000, 5000, 5000, 5000, 5000, 5000, 5000, 5000, 5000, 5000, 421, -241, 5000, 5000, 1, 0]
[5000, 5000, 5000, 5000, 5000, 5000, 5000, 5000, 5000, 5000, 5000, 5000, 5000, 5000, 5000, 5000, 5000, 5000, 5000, 5000, 5000, 5000, 5000, 5000, 421, -242, 5000, 5000, 2, 0]
[5000, 5000, 5000, 5000, 5000, 5000, 5000, 5000, 5000, 5000, 5000, 5000, 5000, 5000, 5000, 5000, 5000, 5000, 5000, 5000, 5000, 5000, 555, -247, 424, -244, 5000, 5000, 3, 0]
[5000, 5000, 5000, 5000, 5000, 5000, 5000, 5000, 5000, 5000, 5000, 5000, 5000, 5000, 5000, 5000, 5000, 5000, 5000, 5000, 5000, 5000, 5000, 5000, 421, -242, 5000, 5000, 4, 0]
[5000, 5000, 5000, 5000, 5000, 5000, 5000, 5000, 5000, 5000, 5000, 5000, 5000, 5000, 5000, 5000, 5000, 5000, 5000, 5000, 5000, 5000, 5000, 5000, 421, -241, 5000, 5000, 5, 0]
[5000, 5000, 5000, 5000, 5000, 5000, 5000, 5000, 5000, 5000, 5000, 5000, 5000, 5000, 5000, 5000, 5000, 5000, 5000, 5000, 5000, 5000, 5000, 5000, 421, -242, 5000, 5000, 6, 0]
[5000, 5000, 5000, 5000, 5000, 5000, 5000, 5000, 5000, 5000, 5000, 5000, 5000, 5000, 5000, 5000, 5000, 5000, 5000, 5000, 5000, 5000, 5000, 5000, 421, -241, 5000, 5000, 7, 0]
[5000, 5000, 5000, 5000, 5000, 5000, 5000, 5000, 5000, 5000, 5000, 5000, 5000, 5000, 5000, 5000, 5000, 5000, 5000, 5000, 5000, 5000, 5000, 5000, 421, -241, 5000, 5000, 8, 0]
[5000, 5000, 5000, 5000, 5000, 5000, 5000, 5000, 5000, 5000, 5000, 5000, 5000, 5000, 5000, 5000, 5000, 5000, 5000, 5000, 5000, 5000, 5000, 5000, 420, -239, 5000, 5000, 9, 0]
[5000, 5000, 556, -1, 5000, 5000, 5000, 5000, 5000, 5000, 5000, 5000, 5000, 5000, 5000, 5000, 5000, 5000, 5000, 5000, 5000, 5000, 5000, 5000, 411, -230, 5000, 5000, 10, 0]
[5000, 5000, 526, -1, 5000, 5000, 5000, 5000, 5000, 5000, 5000, 5000, 5000, 5000, 5000, 5000, 5000, 5000, 5000, 5000, 5000, 5000, 5000, 5000, 391, -210, 5000, 5000, 11, 0]
[5000, 5000, 483, 0, 5000, 5000, 5000, 5000, 5000, 5000, 5000, 5000, 5000, 5000, 5000, 5000, 5000, 5000, 5000, 5000, 5000, 5000, 5000, 5000, 360, -179, 5000, 5000, 12, 0]
[5000, 5000, 455, 1, 5000, 5000, 5000, 5000, 5000, 5000, 5000, 5000, 5000, 5000, 5000, 5000, 5000, 5000, 5000, 5000, 5000, 5000, 5000, 5000, 339, -159, 5000, 5000, 13, 0]
[5000, 5000, 404, 3, 5000, 5000, 5000, 5000, 5000, 5000, 5000, 5000, 5000, 5000, 5000, 5000, 5000, 5000, 5000, 5000, 5000, 5000, 5000, 5000, 298, -117, 5000, 5000, 14, 0]
[5000, 5000, 345, 3, 5000, 5000, 5000, 5000, 5000, 5000, 5000, 5000, 5000, 5000, 5000, 5000, 5000, 5000, 5000, 5000, 5000, 5000, 5000, 5000, 251, -72, 5000, 5000, 15, 0]
[5000, 5000, 284, 6, 5000, 5000, 5000, 5000, 5000, 5000, 5000, 5000, 5000, 5000, 5000, 5000, 5000, 5000, 5000, 5000, 5000, 5000, 5000, 5000, 201, -21, 5000, 5000, 16, 0]
[5000, 5000, 229, 8, 5000, 5000, 5000, 5000, 5000, 5000, 5000, 5000, 5000, 5000, 5000, 5000, 5000, 5000, 5000, 5000, 5000, 5000, 5000, 5000, 158, 22, 5000, 5000, 17, 0]
[5000, 5000, 186, 10, 5000, 5000, 5000, 5000, 5000, 5000, 5000, 5000, 5000, 5000, 5000, 5000, 5000, 5000, 5000, 5000, 5000, 5000, 5000, 5000, 126, 52, 5000, 5000, 18, 0]
[5000, 5000, 5000, 5000, 5000, 5000, 5000, 5000, 5000, 5000, 5000, 5000, 5000, 5000, 5000, 5000, 5000, 5000, 5000, 5000, 5000, 5000, 5000, 5000, 5000, 5000, 5000, 5000, 19, 0]
[5000, 5000, 167, 9, 5000, 5000, 5000, 5000, 5000, 5000, 5000, 5000, 5000, 5000, 5000, 5000, 5000, 5000, 5000, 5000, 5000, 5000, 5000, 5000, 115, 63, 5000, 5000, 20, 0]
[5000, 5000, 149, 11, 5000, 5000, 5000, 5000, 5000, 5000, 5000, 5000, 5000, 5000, 5000, 5000, 5000, 5000, 5000, 5000, 5000, 5000, 237, 57, 107, 60, 5000, 5000, 17, 1]
[5000, 5000, 149, 11, 5000, 5000, 5000, 5000, 5000, 5000, 5000, 5000, 5000, 5000, 5000, 5000, 5000, 5000, 5000, 5000, 5000, 5000, 237, 57, 107, 60, 5000, 5000, 18, 1]
[5000, 5000, 150, 11, 5000, 5000, 5000, 5000, 5000, 5000, 5000, 5000, 5000, 5000, 5000, 5000, 5000, 5000, 5000, 5000, 5000, 5000, 238, 57, 107, 60, 5000, 5000, 19, 1]
[5000, 5000, 149, 11, 5000, 5000, 5000, 5000, 5000, 5000, 5000, 5000, 5000, 5000, 5000, 5000, 5000, 5000, 5000, 5000, 5000, 5000, 238, 57, 107, 60, 5000, 5000, 20, 1]
[5000, 5000, 149, 11, 5000, 5000, 5000, 5000, 5000, 5000, 5000, 5000, 5000, 5000, 5000, 5000, 5000, 5000, 5000, 5000, 5000, 5000, 237, 57, 107, 60, 5000, 5000, 21, 1]
[5000, 5000, 5000, 5000, 5000, 5000, 5000, 5000, 5000, 5000, 5000, 5000, 5000, 5000, 92, 39, 5000, 5000, 5000, 5000, 5000, 5000, 5000, 5000, 5000, 5000, 5000, 5000, 57, 1]
[5000, 5000, 5000, 5000, 5000, 5000, 5000, 5000, 5000, 5000, 5000, 5000, 5000, 5000, 15, 40, 5000, 5000, 5000, 5000, 5000, 5000, 5000, 5000, 5000, 5000, 5000, 5000, 87, 1]
[5000, 5000, 5000, 5000, 5000, 5000, 5000, 5000, 5000, 5000, 5000, 5000, 5000, 5000, 15, 40, 5000, 5000, 5000, 5000, 5000, 5000, 5000, 5000, 5000, 5000, 5000, 5000, 89, 1]
[5000, 5000, 5000, 5000, 5000, 5000, 5000, 5000, 5000, 5000, 5000, 5000, 5000, 5000, 5000, 5000, 5000, 5000, 5000, 5000, 5000, 5000, 5000, 5000, 5000, 5000, 5000, 5000, 105, 1]
[5000, 5000, 5000, 5000, 5000, 5000, 5000, 5000, 5000, 5000, 5000, 5000, 5000, 5000, 5000, 5000, 5000, 5000, 5000, 5000, 5000, 5000, 5000, 5000, 5000, 5000, 5000, 5000, 106, 1]
[5000, 5000, 79, 12, 5000, 5000, 5000, 5000, 5000, 5000, 5000, 5000, 5000, 5000, 15, 72, 5000, 5000, 5000, 5000, 5000, 5000, 5000, 5000, 5000, 5000, 5000, 5000, 128, 1]
[5000, 5000, 79, 12, 5000, 5000, 5000, 5000, 5000, 5000, 5000, 5000, 5000, 5000, 15, 72, 5000, 5000, 5000, 5000, 5000, 5000, 5000, 5000, 5000, 5000, 5000, 5000, 132, 1]
[5000, 5000, 121, -83, 5000, 5000, 5000, 5000, 5000, 5000, 5000, 5000, 5000, 5000, 236, 2, 5000, 5000, 5000, 5000, 5000, 5000, 5000, 5000, 5000, 5000, 5000, 5000, 1145, 1]
[5000, 5000, 121, -83, 5000, 5000, 5000, 5000, 5000, 5000, 5000, 5000, 5000, 5000, 236, 2, 5000, 5000, 5000, 5000, 5000, 5000, 5000, 5000, 5000, 5000, 5000, 5000, 1146, 1]
[5000, 5000, 247, 7, 5000, 5000, 5000, 5000, 5000, 5000, 5000, 5000, 5000, 5000, 14, 104, 5000, 5000, 5000, 5000, 5000, 5000, 5000, 5000, 5000, 5000, 5000, 5000, 1164, 1]
[5000, 5000, 247, 7, 5000, 5000, 5000, 5000, 5000, 5000, 5000, 5000, 5000, 5000, 14, 104, 5000, 5000, 5000, 5000, 5000, 5000, 5000, 5000, 5000, 5000, 5000, 5000, 1165, 1]
[5000, 5000, 234, -117, 5000, 5000, 5000, 5000, 5000, 5000, 5000, 5000, 5000, 5000, 5000, 5000, 5000, 5000, 5000, 5000, 5000, 5000, 5000, 5000, 5000, 5000, 5000, 5000, 1178, 1]
[5000, 5000, 267, -121, 5000, 5000, 5000, 5000, 5000, 5000, 5000, 5000, 5000, 5000, 5000, 5000, 5000, 5000, 5000, 5000, 5000, 5000, 5000, 5000, 5000, 5000, 5000, 5000, 1179, 1]
[5000, 5000, 228, -117, 5000, 5000, 5000, 5000, 5000, 5000, 5000, 5000, 5000, 5000, 5000, 5000, 5000, 5000, 5000, 5000, 5000, 5000, 5000, 5000, 5000, 5000, 5000, 5000, 1180, 1]
[5000, 5000, 5000, 5000, 5000, 5000, 5000, 5000, 5000, 5000, 5000, 5000, 5000, 5000, 14, 104, 5000, 5000, 5000, 5000, 5000, 5000, 5000, 5000, 5000, 5000, 5000, 5000, 1204, 1]
[5000, 5000, 5000, 5000, 5000, 5000, 5000, 5000, 5000, 5000, 5000, 5000, 5000, 5000, 15, 104, 5000, 5000, 5000, 5000, 5000, 5000, 5000, 5000, 5000, 5000, 5000, 5000, 1209, 1]
[5000, 5000, 5000, 5000, 5000, 5000, 5000, 5000, 5000, 5000, 5000, 5000, 5000, 5000, 5000, 5000, 5000, 5000, 5000, 5000, 5000, 5000, 5000, 5000, 5000, 5000, 5000, 5000, 1234, 1]
[5000, 5000, 5000, 5000, 5000, 5000, 5000, 5000, 5000, 5000, 5000, 5000, 5000, 5000, 5000, 5000, 5000, 5000, 5000, 5000, 5000, 5000, 5000, 5000, 5000, 5000, 5000, 5000, 1235, 1]
[5000, 5000, 5000, 5000, 5000, 5000, 5000, 5000, 5000, 5000, 5000, 5000, 5000, 5000, 5000, 5000, 5000, 5000, 5000, 5000, 5000, 5000, 5000, 5000, 5000, 5000, 5000, 5000, 1236, 1]
[5000, 5000, 5000, 5000, 5000, 5000, 5000, 5000, 5000, 5000, 5000, 5000, 5000, 5000, 5000, 5000, 5000, 5000, 5000, 5000, 5000, 5000, 5000, 5000, 5000, 5000, 5000, 5000, 1301, 1]
[5000, 5000, 5000, 5000, 5000, 5000, 5000, 5000, 5000, 5000, 200, -26, 5000, 5000, 5000, 5000, 5000, 5000, 5000, 5000, 5000, 5000, 5000, 5000, 5000, 5000, 5000, 5000, 57, 0]
[5000, 5000, 57, 138, 5000, 5000, 5000, 5000, 5000, 5000, 5000, 5000, 5000, 5000, 5000, 5000, 5000, 5000, 5000, 5000, 5000, 5000, 5000, 5000, 5000, 5000, 5000, 5000, 1, 0]
[5000, 5000, 56, 139, 5000, 5000, 5000, 5000, 5000, 5000, 5000, 5000, 5000, 5000, 5000, 5000, 5000, 5000, 5000, 5000, 5000, 5000, 201, 186, 5000, 5000, 5000, 5000, 2, 0]
[5000, 5000, 127, 271, 5000, 5000, 5000, 5000, 5000, 5000, 5000, 5000, 5000, 5000, 5000, 5000, 5000, 5000, 5000, 5000, 5000, 5000, 31, 65, 66, 62, 5000, 5000, 3, 0]
[5000, 5000, 127, 266, 5000, 5000, 5000, 5000, 5000, 5000, 5000, 5000, 5000, 5000, 5000, 5000, 5000, 5000, 5000, 5000, 5000, 5000, 5000, 5000, 5000, 5000, 5000, 5000, 4, 0]
[5000, 5000, 57, 138, 5000, 5000, 5000, 5000, 5000, 5000, 5000, 5000, 5000, 5000, 5000, 5000, 5000, 5000, 5000, 5000, 5000, 5000, 5000, 5000, 5000, 5000, 5000, 5000, 5, 0]
[5000, 5000, 5000, 5000, 5000, 5000, 5000, 5000, 5000, 5000, 92, 102, 5000, 5000, 5000, 5000, 5000, 5000, 5000, 5000, 5000, 5000, 197, 187, 5000, 5000, 5000, 5000, 30, 0]
[5000, 5000, 5000, 5000, 5000, 5000, 5000, 5000, 5000, 5000, 220, -27, 5000, 5000, 5000, 5000, 5000, 5000, 5000, 5000, 5000, 5000, 186, 187, 5000, 5000, 5000, 5000, 31, 0]
[5000, 5000, 5000, 5000, 5000, 5000, 5000, 5000, 5000, 5000, 165, -25, 5000, 5000, 5000, 5000, 5000, 5000, 5000, 5000, 5000, 5000, 183, 186, 5000, 5000, 5000, 5000, 32, 0]
[5000, 5000, 5000, 5000, 5000, 5000, 5000, 5000, 5000, 5000, 113, -25, 5000, 5000, 5000, 5000, 5000, 5000, 5000, 5000, 5000, 5000, 5000, 5000, 5000, 5000, 5000, 5000, 33, 0]
[5000, 5000, 5000, 5000, 5000, 5000, 5000, 5000, 5000, 5000, 53, -25, 5000, 5000, 5000, 5000, 5000, 5000, 5000, 5000, 5000, 5000, 256, 187, 5000, 5000, 5000, 5000, 34, 0]
[5000, 5000, 5000, 5000, 5000, 5000, 5000, 5000, 5000, 5000, 41, -27, 5000, 5000, 5000, 5000, 5000, 5000, 5000, 5000, 5000, 5000, 245, 188, 5000, 5000, 5000, 5000, 35, 0]
[5000, 5000, 5000, 5000, 5000, 5000, 5000, 5000, 5000, 5000, 42, -28, 5000, 5000, 5000, 5000, 5000, 5000, 5000, 5000, 5000, 5000, 246, 188, 5000, 5000, 5000, 5000, 37, 0]
[5000, 5000, 5000, 5000, 5000, 5000, 5000, 5000, 5000, 5000, 41, -28, 5000, 5000, 5000, 5000, 5000, 5000, 5000, 5000, 5000, 5000, 247, 188, 5000, 5000, 5000, 5000, 38, 0]
[5000, 5000, 5000, 5000, 5000, 5000, 5000, 5000, 5000, 5000, 39, -27, 5000, 5000, 5000, 5000, 5000, 5000, 5000, 5000, 5000, 5000, 247, 189, 5000, 5000, 5000, 5000, 39, 0]
[5000, 5000, 5000, 5000, 5000, 5000, 5000, 5000, 5000, 5000, 41, -28, 5000, 5000, 5000, 5000, 5000, 5000, 5000, 5000, 5000, 5000, 246, 187, 5000, 5000, 5000, 5000, 40, 0]
[5000, 5000, 253, 5, 5000, 5000, 5000, 5000, 5000, 5000, 5000, 5000, 5000, 5000, 5000, 5000, 5000, 5000, 5000, 5000, 5000, 5000, 5000, 5000, 5000, 5000, 5000, 5000, 21, 1]
[5000, 5000, 253, 5, 5000, 5000, 5000, 5000, 5000, 5000, 5000, 5000, 5000, 5000, 5000, 5000, 5000, 5000, 5000, 5000, 5000, 5000, 5000, 5000, 5000, 5000, 5000, 5000, 25, 1]
[5000, 5000, 253, 5, 5000, 5000, 5000, 5000, 5000, 5000, 5000, 5000, 5000, 5000, 5000, 5000, 5000, 5000, 5000, 5000, 5000, 5000, 5000, 5000, 5000, 5000, 5000, 5000, 26, 1]
[5000, 5000, 253, 5, 5000, 5000, 5000, 5000, 5000, 5000, 5000, 5000, 5000, 5000, 5000, 5000, 5000, 5000, 5000, 5000, 5000, 5000, 5000, 5000, 5000, 5000, 5000, 5000, 29, 1]
[5000, 5000, 253, 5, 5000, 5000, 5000, 5000, 5000, 5000, 5000, 5000, 5000, 5000, 5000, 5000, 5000, 5000, 5000, 5000, 5000, 5000, 5000, 5000, 5000, 5000, 5000, 5000, 32, 1]
[5000, 5000, 253, 5, 5000, 5000, 5000, 5000, 5000, 5000, 5000, 5000, 5000, 5000, 5000, 5000, 5000, 5000, 5000, 5000, 5000, 5000, 5000, 5000, 5000, 5000, 5000, 5000, 35, 1]
[5000, 5000, 5000, 5000, 5000, 5000, 5000, 5000, 5000, 5000, 5000, 5000, 234, 22, 5000, 5000, 5000, 5000, 5000, 5000, 5000, 5000, 5000, 5000, 251, 59, 5000, 5000, 31, 1]
[5000, 5000, 5000, 5000, 5000, 5000, 5000, 5000, 5000, 5000, 5000, 5000, 234, 22, 5000, 5000, 5000, 5000, 5000, 5000, 5000, 5000, 5000, 5000, 251, 59, 5000, 5000, 32, 1]
[5000, 5000, 5000, 5000, 5000, 5000, 5000, 5000, 5000, 5000, 5000, 5000, 234, 22, 5000, 5000, 5000, 5000, 5000, 5000, 5000, 5000, 5000, 5000, 251, 59, 5000, 5000, 33, 1]
[5000, 5000, 5000, 5000, 5000, 5000, 5000, 5000, 5000, 5000, 5000, 5000, 234, 22, 5000, 5000, 5000, 5000, 5000, 5000, 5000, 5000, 5000, 5000, 251, 59, 5000, 5000, 34, 1]
[5000, 5000, 5000, 5000, 5000, 5000, 5000, 5000, 5000, 5000, 5000, 5000, 234, 22, 5000, 5000, 5000, 5000, 5000, 5000, 5000, 5000, 5000, 5000, 251, 59, 5000, 5000, 35, 1]
[5000, 5000, 5000, 5000, 5000, 5000, 5000, 5000, 5000, 5000, 5000, 5000, 67, 25, 5000, 5000, 5000, 5000, 5000, 5000, 5000, 5000, 5000, 5000, 106, 62, 5000, 5000, 48, 1]
[5000, 5000, 5000, 5000, 5000, 5000, 5000, 5000, 5000, 5000, 5000, 5000, 67, 25, 5000, 5000, 5000, 5000, 5000, 5000, 5000, 5000, 5000, 5000, 106, 62, 5000, 5000, 49, 1]
[5000, 5000, 5000, 5000, 5000, 5000, 5000, 5000, 5000, 5000, 5000, 5000, 66, 25, 5000, 5000, 5000, 5000, 5000, 5000, 5000, 5000, 5000, 5000, 105, 62, 5000, 5000, 51, 1]
[5000, 5000, 5000, 5000, 5000, 5000, 5000, 5000, 5000, 5000, 5000, 5000, 136, 24, 5000, 5000, 5000, 5000, 5000, 5000, 5000, 5000, 5000, 5000, 200, 58, 5000, 5000, 10, 1]
[5000, 5000, 5000, 5000, 5000, 5000, 5000, 5000, 5000, 5000, 5000, 5000, 117, 22, 5000, 5000, 5000, 5000, 5000, 5000, 5000, 5000, 5000, 5000, 190, 59, 5000, 5000, 11, 1]
[5000, 5000, 5000, 5000, 5000, 5000, 5000, 5000, 5000, 5000, 5000, 5000, 82, 21, 5000, 5000, 5000, 5000, 5000, 5000, 5000, 5000, 5000, 5000, 163, 60, 5000, 5000, 12, 1]
[5000, 5000, 259, -28, 5000, 5000, 5000, 5000, 5000, 5000, 5000, 5000, 37, -8, 5000, 5000, 5000, 5000, 5000, 5000, 5000, 5000, 5000, 5000, 129, 62, 5000, 5000, 13, 1]
[5000, 5000, 202, -100, 5000, 5000, 5000, 5000, 5000, 5000, 5000, 5000, 5000, 5000, 5000, 5000, 5000, 5000, 5000, 5000, 5000, 5000, 5000, 5000, 180, 65, 5000, 5000, 14, 1]
[5000, 5000, 5000, 5000, 5000, 5000, 5000, 5000, 5000, 5000, 5000, 5000, 5000, 5000, 5000, 5000, 5000, 5000, 5000, 5000, 5000, 5000, 5000, 5000, 68, 223, 5000, 5000, 15, 1]
[5000, 5000, 5000, 5000, 5000, 5000, 5000, 5000, 5000, 5000, 5000, 5000, 5000, 5000, 5000, 5000, 5000, 5000, 5000, 5000, 5000, 5000, 5000, 5000, 75, 191, 5000, 5000, 16, 1]
[5000, 5000, 255, 7, 5000, 5000, 5000, 5000, 5000, 5000, 5000, 5000, 5000, 5000, 5000, 5000, 5000, 5000, 5000, 5000, 5000, 5000, 5000, 5000, 9, 65, 5000, 5000, 17, 1]
[5000, 5000, 138, 11, 5000, 5000, 5000, 5000, 5000, 5000, 5000, 5000, 5000, 5000, 5000, 5000, 5000, 5000, 5000, 5000, 5000, 5000, 5000, 5000, 1, 142, 5000, 5000, 18, 1]
[5000, 5000, 5000, 5000, 5000, 5000, 5000, 5000, 5000, 5000, 5000, 5000, 5000, 5000, 5000, 5000, 5000, 5000, 5000, 5000, 5000, 5000, 5000, 5000, 5000, 5000, 5000, 5000, 20, 1]
[5000, 5000, 137, 11, 5000, 5000, 5000, 5000, 5000, 5000, 5000, 5000, 5000, 5000, 5000, 5000, 5000, 5000, 5000, 5000, 5000, 5000, 5000, 5000, 5000, 5000, 5000, 5000, 22, 1]
[5000, 5000, 5000, 5000, 5000, 5000, 5000, 5000, 5000, 5000, 5000, 5000, 5000, 5000, 5000, 5000, 5000, 5000, 5000, 5000, 5000, 5000, 190, 123, 189, 122, 5000, 5000, 23, 1]
[5000, 5000, 5000, 5000, 5000, 5000, 5000, 5000, 5000, 5000, 5000, 5000, 5000, 5000, 5000, 5000, 5000, 5000, 5000, 5000, 5000, 5000, 208, 67, 5000, 5000, 5000, 5000, 24, 1]
[5000, 5000, 259, 5, 5000, 5000, 5000, 5000, 5000, 5000, 5000, 5000, 5000, 5000, 5000, 5000, 5000, 5000, 5000, 5000, 5000, 5000, 5000, 5000, 5000, 5000, 5000, 5000, 28, 1]
[5000, 5000, 234, 6, 5000, 5000, 5000, 5000, 5000, 5000, 5000, 5000, 5000, 5000, 5000, 5000, 5000, 5000, 5000, 5000, 5000, 5000, 5000, 5000, 5000, 5000, 5000, 5000, 29, 1]
[5000, 5000, 194, -9, 5000, 5000, 5000, 5000, 5000, 5000, 5000, 5000, 5000, 5000, 5000, 5000, 5000, 5000, 136, -6, 5000, 5000, 242, 187, 5000, 5000, 5000, 5000, 30, 1]
[5000, 5000, 5000, 5000, 5000, 5000, 5000, 5000, 5000, 5000, 5000, 5000, 5000, 5000, 5000, 5000, 5000, 5000, 5000, 5000, 5000, 5000, 247, 14, 5000, 5000, 5000, 5000, 31, 1]
[5000, 5000, 5000, 5000, 5000, 5000, 5000, 5000, 5000, 5000, 5000, 5000, 5000, 5000, 5000, 5000, 5000, 5000, 5000, 5000, 5000, 5000, 5000, 5000, 5000, 5000, 5000, 5000, 0, 1]
[5000, 5000, 5000, 5000, 5000, 5000, 5000, 5000, 5000, 5000, 140, -25, 5000, 5000, 5000, 5000, 5000, 5000, 13, 103, 242, 98, 5000, 5000, 5000, 5000, 5000, 5000, 24, 1]
[5000, 5000, 5000, 5000, 5000, 5000, 5000, 5000, 5000, 5000, 140, -26, 5000, 5000, 5000, 5000, 5000, 5000, 13, 103, 242, 99, 5000, 5000, 5000, 5000, 5000, 5000, 29, 1]
[5000, 5000, 5000, 5000, 5000, 5000, 5000, 5000, 5000, 5000, 5000, 5000, 5000, 5000, 5000, 5000, 5000, 5000, 5000, 5000, 5000, 5000, 5000, 5000, 5000, 5000, 5000, 5000, 0, 1]
[5000, 5000, 5000, 5000, 5000, 5000, 5000, 5000, 5000, 5000, 5000, 5000, 5000, 5000, 5000, 5000, 5000, 5000, 5000, 5000, 5000, 5000, 5000, 5000, 5000, 5000, 5000, 5000, 0, 1]
[5000, 5000, 5000, 5000, 5000, 5000, 5000, 5000, 5000, 5000, 5000, 5000, 5000, 5000, 5000, 5000, 5000, 5000, 5000, 5000, 5000, 5000, 5000, 5000, 5000, 5000, 5000, 5000, 0, 1]
[5000, 5000, 5000, 5000, 5000, 5000, 5000, 5000, 5000, 5000, 5000, 5000, 5000, 5000, 5000, 5000, 5000, 5000, 97, -18, 5000, 5000, 5000, 5000, 5000, 5000, 5000, 5000, 5, 1]
[5000, 5000, 5000, 5000, 5000, 5000, 5000, 5000, 5000, 5000, 5000, 5000, 5000, 5000, 5000, 5000, 5000, 5000, 98, -20, 5000, 5000, 5000, 5000, 5000, 5000, 5000, 5000, 6, 1]
[5000, 5000, 5000, 5000, 5000, 5000, 5000, 5000, 5000, 5000, 5000, 5000, 5000, 5000, 5000, 5000, 5000, 5000, 97, -19, 5000, 5000, 5000, 5000, 5000, 5000, 5000, 5000, 7, 1]
[5000, 5000, 5000, 5000, 5000, 5000, 5000, 5000, 5000, 5000, 0, -148, 5000, 5000, 5000, 5000, 5000, 5000, 99, -19, 5000, 5000, 5000, 5000, 5000, 5000, 5000, 5000, 8, 1]
[5000, 5000, 5000, 5000, 5000, 5000, 5000, 5000, 5000, 5000, 5000, 5000, 5000, 5000, 5000, 5000, 5000, 5000, 98, -19, 5000, 5000, 5000, 5000, 5000, 5000, 5000, 5000, 9, 1]
[5000, 5000, 257, 6, 5000, 5000, 5000, 5000, 5000, 5000, 5000, 5000, 5000, 5000, 16, 43, 5000, 5000, 5000, 5000, 5000, 5000, 178, 56, 246, 54, 5000, 5000, 24, 1]
[5000, 5000, 257, 5, 5000, 5000, 5000, 5000, 5000, 5000, 5000, 5000, 5000, 5000, 16, 42, 5000, 5000, 5000, 5000, 5000, 5000, 5000, 5000, 247, 55, 5000, 5000, 25, 1]
[5000, 5000, 257, 5, 5000, 5000, 5000, 5000, 5000, 5000, 5000, 5000, 5000, 5000, 15, 42, 5000, 5000, 5000, 5000, 5000, 5000, 5000, 5000, 247, 56, 5000, 5000, 26, 1]
[5000, 5000, 257, 5, 5000, 5000, 5000, 5000, 5000, 5000, 5000, 5000, 5000, 5000, 15, 42, 5000, 5000, 5000, 5000, 5000, 5000, 5000, 5000, 247, 55, 5000, 5000, 27, 1]
[5000, 5000, 100, 10, 5000, 5000, 5000, 5000, 5000, 5000, 5000, 5000, 5000, 5000, 5000, 5000, 5000, 5000, 5000, 5000, 5000, 5000, 75, 220, 48, 220, 5000, 5000, 36, 1]
[5000, 5000, 101, 10, 5000, 5000, 5000, 5000, 5000, 5000, 5000, 5000, 5000, 5000, 5000, 5000, 5000, 5000, 5000, 5000, 5000, 5000, 75, 220, 48, 220, 5000, 5000, 37, 1]
[5000, 5000, 101, 11, 5000, 5000, 5000, 5000, 5000, 5000, 5000, 5000, 5000, 5000, 5000, 5000, 5000, 5000, 5000, 5000, 5000, 5000, 76, 220, 48, 221, 5000, 5000, 38, 1]
[5000, 5000, 5000, 5000, 5000, 5000, 5000, 5000, 5000, 5000, 5000, 5000, 5000, 5000, 5000, 5000, 5000, 5000, 5000, 5000, 5000, 5000, 144, 65, 5000, 5000, 5000, 5000, 47, 1]
[5000, 5000, 63, -132, 5000, 5000, 5000, 5000, 5000, 5000, 5000, 5000, 5000, 5000, 5000, 5000, 5000, 5000, 5000, 5000, 5000, 5000, 5000, 5000, 5000, 5000, 5000, 5000, 48, 1]
[5000, 5000, 5000, 5000, 5000, 5000, 5000, 5000, 5000, 5000, 5000, 5000, 5000, 5000, 5000, 5000, 5000, 5000, 5000, 5000, 5000, 5000, 5000, 5000, 5000, 5000, 5000, 5000, 49, 1]
[5000, 5000, 5000, 5000, 5000, 5000, 5000, 5000, 5000, 5000, 5000, 5000, 5000, 5000, 5000, 5000, 5000, 5000, 5000, 5000, 5000, 5000, 5000, 5000, 5000, 5000, 5000, 5000, 50, 1]
[5000, 5000, 5000, 5000, 5000, 5000, 5000, 5000, 5000, 5000, 5000, 5000, 5000, 5000, 5000, 5000, 5000, 5000, 5000, 5000, 5000, 5000, 5000, 5000, 5000, 5000, 5000, 5000, 51, 1]
[5000, 5000, 5000, 5000, 5000, 5000, 5000, 5000, 5000, 5000, 5000, 5000, 5000, 5000, 12, 2, 5000, 5000, 73, 183, 5000, 5000, 5000, 5000, 5000, 5000, 5000, 5000, 56, 1]
[5000, 5000, 5000, 5000, 5000, 5000, 5000, 5000, 5000, 5000, 5000, 5000, 5000, 5000, 5000, 5000, 5000, 5000, 49, 103, 5000, 5000, 5000, 5000, 5000, 5000, 5000, 5000, 58, 1]
[5000, 5000, 5000, 5000, 5000, 5000, 5000, 5000, 5000, 5000, 5000, 5000, 5000, 5000, 5000, 5000, 5000, 5000, 18, 167, 5000, 5000, 5000, 5000, 5000, 5000, 5000, 5000, 59, 1]
[5000, 5000, 5000, 5000, 5000, 5000, 5000, 5000, 5000, 5000, 5000, 5000, 5000, 5000, 5000, 5000, 5000, 5000, 5000, 5000, 5000, 5000, 5000, 5000, 5000, 5000, 5000, 5000, 60, 1]
[5000, 5000, 5000, 5000, 5000, 5000, 5000, 5000, 5000, 5000, 5000, 5000, 5000, 5000, 5000, 5000, 5000, 5000, 5000, 5000, 5000, 5000, 5000, 5000, 5000, 5000, 5000, 5000, 66, 1]
[5000, 5000, 5000, 5000, 5000, 5000, 5000, 5000, 5000, 5000, 5000, 5000, 5000, 5000, 5000, 5000, 5000, 5000, 5000, 5000, 5000, 5000, 5000, 5000, 5000, 5000, 141, -92, 3072, 1]