[5000, 5000, 5000, 5000, 5000, 5000, 5000, 5000, 5000, 5000, 5000, 5000, 5000, 5000, 148, 41, 5000, 5000, 5000, 5000, 5000, 5000, 30, 40, 5000, 5000, 5000, 5000, 1, 0]
[5000, 5000, 5000, 5000, 5000, 5000, 5000, 5000, 5000, 5000, 5000, 5000, 5000, 5000, 149, 41, 5000, 5000, 5000, 5000, 5000, 5000, 31, 41, 5000, 5000, 5000, 5000, 2, 0]
[5000, 5000, 5000, 5000, 5000, 5000, 5000, 5000, 5000, 5000, 5000, 5000, 5000, 5000, 149, 42, 5000, 5000, 5000, 5000, 5000, 5000, 28, 41, 5000, 5000, 5000, 5000, 3, 0]
[5000, 5000, 5000, 5000, 5000, 5000, 5000, 5000, 5000, 5000, 5000, 5000, 5000, 5000, 149, 41, 5000, 5000, 5000, 5000, 5000, 5000, 31, 41, 5000, 5000, 5000, 5000, 4, 0]
[5000, 5000, 5000, 5000, 5000, 5000, 5000, 5000, 5000, 5000, 5000, 5000, 5000, 5000, 148, 41, 5000, 5000, 5000, 5000, 5000, 5000, 30, 40, 5000, 5000, 5000, 5000, 5, 0]
[5000, 5000, 5000, 5000, 5000, 5000, 5000, 5000, 5000, 5000, 5000, 5000, 5000, 5000, 148, 41, 5000, 5000, 5000, 5000, 5000, 5000, 30, 40, 5000, 5000, 5000, 5000, 6, 0]
[5000, 5000, 5000, 5000, 5000, 5000, 5000, 5000, 5000, 5000, 5000, 5000, 5000, 5000, 148, 41, 5000, 5000, 5000, 5000, 5000, 5000, 30, 40, 5000, 5000, 5000, 5000, 7, 0]
[5000, 5000, 5000, 5000, 5000, 5000, 5000, 5000, 5000, 5000, 5000, 5000, 5000, 5000, 148, 41, 5000, 5000, 5000, 5000, 5000, 5000, 30, 40, 5000, 5000, 5000, 5000, 8, 0]
[5000, 5000, 5000, 5000, 5000, 5000, 5000, 5000, 5000, 5000, 5000, 5000, 5000, 5000, 148, 41, 5000, 5000, 5000, 5000, 5000, 5000, 30, 40, 5000, 5000, 5000, 5000, 9, 0]
[5000, 5000, 5000, 5000, 5000, 5000, 5000, 5000, 5000, 5000, 5000, 5000, 5000, 5000, 148, 41, 5000, 5000, 5000, 5000, 5000, 5000, 30, 40, 5000, 5000, 5000, 5000, 10, 0]
[5000, 5000, 5000, 5000, 5000, 5000, 5000, 5000, 5000, 5000, 5000, 5000, 5000, 5000, 148, 41, 5000, 5000, 5000, 5000, 5000, 5000, 30, 40, 5000, 5000, 5000, 5000, 11, 0]
[5000, 5000, 5000, 5000, 5000, 5000, 5000, 5000, 5000, 5000, 5000, 5000, 5000, 5000, 148, 41, 5000, 5000, 5000, 5000, 5000, 5000, 30, 40, 5000, 5000, 5000, 5000, 12, 0]
[5000, 5000, 5000, 5000, 5000, 5000, 5000, 5000, 5000, 5000, 5000, 5000, 5000, 5000, 148, 41, 5000, 5000, 5000, 5000, 5000, 5000, 31, 40, 5000, 5000, 5000, 5000, 13, 0]
[5000, 5000, 5000, 5000, 5000, 5000, 5000, 5000, 5000, 5000, 5000, 5000, 5000, 5000, 148, 41, 5000, 5000, 5000, 5000, 5000, 5000, 30, 40, 5000, 5000, 5000, 5000, 14, 0]
[5000, 5000, 5000, 5000, 5000, 5000, 5000, 5000, 5000, 5000, 5000, 5000, 5000, 5000, 148, 41, 5000, 5000, 5000, 5000, 5000, 5000, 30, 40, 5000, 5000, 5000, 5000, 15, 0]
[5000, 5000, 5000, 5000, 5000, 5000, 5000, 5000, 5000, 5000, 5000, 5000, 5000, 5000, 148, 41, 5000, 5000, 5000, 5000, 5000, 5000, 31, 40, 5000, 5000, 5000, 5000, 16, 0]
[5000, 5000, 5000, 5000, 5000, 5000, 5000, 5000, 5000, 5000, 5000, 5000, 5000, 5000, 148, 41, 5000, 5000, 5000, 5000, 5000, 5000, 30, 40, 5000, 5000, 5000, 5000, 17, 0]
[5000, 5000, 5000, 5000, 5000, 5000, 5000, 5000, 5000, 5000, 5000, 5000, 5000, 5000, 136, 42, 5000, 5000, 5000, 5000, 5000, 5000, 19, 41, 5000, 5000, 5000, 5000, 18, 0]
[5000, 5000, 5000, 5000, 5000, 5000, 5000, 5000, 5000, 5000, 5000, 5000, 5000, 5000, 128, 39, 5000, 5000, 5000, 5000, 5000, 5000, 8, 43, 5000, 5000, 5000, 5000, 19, 0]
[5000, 5000, 5000, 5000, 5000, 5000, 5000, 5000, 5000, 5000, 5000, 5000, 5000, 5000, 98, 41, 5000, 5000, 5000, 5000, 5000, 5000, 5000, 5000, 5000, 5000, 5000, 5000, 20, 0]
[5000, 5000, 5000, 5000, 5000, 5000, 5000, 5000, 5000, 5000, 5000, 5000, 5000, 5000, 59, 28, 5000, 5000, 5000, 5000, 5000, 5000, 5000, 5000, 5000, 5000, 5000, 5000, 21, 0]
[5000, 5000, 5000, 5000, 5000, 5000, 5000, 5000, 5000, 5000, 5000, 5000, 5000, 5000, 31, -15, 5000, 5000, 5000, 5000, 5000, 5000, 5000, 5000, 5000, 5000, 5000, 5000, 22, 0]
[5000, 5000, 5000, 5000, 5000, 5000, 5000, 5000, 5000, 5000, 5000, 5000, 5000, 5000, 275, -23, 5000, 5000, 5000, 5000, 5000, 5000, 5000, 5000, 5000, 5000, 5000, 5000, 23, 0]
[5000, 5000, 288, -45, 5000, 5000, 5000, 5000, 5000, 5000, 5000, 5000, 5000, 5000, 5000, 5000, 5000, 5000, 5000, 5000, 5000, 5000, 5000, 5000, 5000, 5000, 5000, 5000, 24, 0]
[5000, 5000, 224, 13, 5000, 5000, 5000, 5000, 5000, 5000, 5000, 5000, 5000, 5000, 5000, 5000, 5000, 5000, 5000, 5000, 5000, 5000, 5000, 5000, 5000, 5000, 5000, 5000, 25, 0]
[5000, 5000, 187, -3, 5000, 5000, 5000, 5000, 5000, 5000, 5000, 5000, 5000, 5000, 130, 49, 5000, 5000, 5000, 5000, 5000, 5000, 5000, 5000, 5000, 5000, 5000, 5000, 26, 0]
[5000, 5000, 139, -80, 5000, 5000, 5000, 5000, 5000, 5000, 5000, 5000, 5000, 5000, 68, -25, 5000, 5000, 5000, 5000, 5000, 5000, 5000, 5000, 5000, 5000, 5000, 5000, 27, 0]
[5000, 5000, 111, -104, 5000, 5000, 5000, 5000, 5000, 5000, 5000, 5000, 5000, 5000, 35, -47, 276, -21, 5000, 5000, 5000, 5000, 5000, 5000, 5000, 5000, 5000, 5000, 28, 0]
[5000, 5000, 61, -75, 5000, 5000, 5000, 5000, 5000, 5000, 5000, 5000, 5000, 5000, 214, 9, 5000, 5000, 5000, 5000, 5000, 5000, 5000, 5000, 5000, 5000, 5000, 5000, 29, 0]
[5000, 5000, 286, -64, 5000, 5000, 5000, 5000, 5000, 5000, 5000, 5000, 5000, 5000, 144, 20, 5000, 5000, 5000, 5000, 5000, 5000, 5000, 5000, 5000, 5000, 5000, 5000, 30, 0]
[5000, 5000, 216, -19, 5000, 5000, 5000, 5000, 5000, 5000, 5000, 5000, 5000, 5000, 80, 67, 5000, 5000, 5000, 5000, 5000, 5000, 5000, 5000, 5000, 5000, 5000, 5000, 31, 0]
[5000, 5000, 5000, 5000, 5000, 5000, 5000, 5000, 5000, 5000, 5000, 5000, 5000, 5000, 5000, 5000, 5000, 5000, 5000, 5000, 5000, 5000, 5000, 5000, 5000, 5000, 5000, 5000, 32, 0]
[5000, 5000, 134, 14, 5000, 5000, 5000, 5000, 5000, 5000, 5000, 5000, 5000, 5000, 15, 100, 5000, 5000, 5000, 5000, 5000, 5000, 5000, 5000, 5000, 5000, 5000, 5000, 33, 0]
[5000, 5000, 120, -10, 5000, 5000, 5000, 5000, 5000, 5000, 5000, 5000, 5000, 5000, 15, 76, 5000, 5000, 5000, 5000, 5000, 5000, 5000, 5000, 5000, 5000, 5000, 5000, 34, 0]
[5000, 5000, 112, -66, 5000, 5000, 5000, 5000, 5000, 5000, 5000, 5000, 5000, 5000, 12, 12, 5000, 5000, 5000, 5000, 5000, 5000, 5000, 5000, 5000, 5000, 5000, 5000, 35, 0]
[5000, 5000, 102, -105, 5000, 5000, 5000, 5000, 5000, 5000, 5000, 5000, 5000, 5000, 9, -18, 5000, 5000, 5000, 5000, 5000, 5000, 5000, 5000, 5000, 5000, 5000, 5000, 36, 0]
[5000, 5000, 95, -102, 5000, 5000, 5000, 5000, 5000, 5000, 5000, 5000, 5000, 5000, 3, -17, 5000, 5000, 5000, 5000, 5000, 5000, 5000, 5000, 5000, 5000, 5000, 5000, 37, 0]
[5000, 5000, 82, -104, 5000, 5000, 5000, 5000, 5000, 5000, 5000, 5000, 5000, 5000, 5000, 5000, 5000, 5000, 5000, 5000, 5000, 5000, 5000, 5000, 5000, 5000, 5000, 5000, 38, 0]
[5000, 5000, 5000, 5000, 5000, 5000, 5000, 5000, 5000, 5000, 5000, 5000, 5000, 5000, 236, 106, 5000, 5000, 5000, 5000, 5000, 5000, 5000, 5000, 5000, 5000, 234, 102, 1039, 0]
[5000, 5000, 22, -72, 5000, 5000, 5000, 5000, 5000, 5000, 5000, 5000, 5000, 5000, 221, 13, 5000, 5000, 5000, 5000, 5000, 5000, 5000, 5000, 5000, 5000, 5000, 5000, 1040, 0]
[5000, 5000, 5000, 5000, 5000, 5000, 5000, 5000, 5000, 5000, 5000, 5000, 5000, 5000, 183, 102, 5000, 5000, 5000, 5000, 5000, 5000, 5000, 5000, 5000, 5000, 5000, 5000, 1041, 0]
[5000, 5000, 5000, 5000, 5000, 5000, 5000, 5000, 5000, 5000, 5000, 5000, 5000, 5000, 5000, 5000, 5000, 5000, 5000, 5000, 5000, 5000, 5000, 5000, 5000, 5000, 5000, 5000, 1042, 0]
[5000, 5000, 5000, 5000, 5000, 5000, 5000, 5000, 5000, 5000, 5000, 5000, 5000, 5000, 5000, 5000, 5000, 5000, 5000, 5000, 5000, 5000, 5000, 5000, 5000, 5000, 5000, 5000, 1043, 0]
[5000, 5000, 5000, 5000, 5000, 5000, 5000, 5000, 5000, 5000, 5000, 5000, 5000, 5000, 5000, 5000, 5000, 5000, 5000, 5000, 5000, 5000, 5000, 5000, 5000, 5000, 5000, 5000, 1044, 0]
[5000, 5000, 5000, 5000, 5000, 5000, 5000, 5000, 5000, 5000, 5000, 5000, 5000, 5000, 8, -20, 5000, 5000, 5000, 5000, 5000, 5000, 5000, 5000, 5000, 5000, 5000, 5000, 1045, 0]
[5000, 5000, 5000, 5000, 5000, 5000, 5000, 5000, 5000, 5000, 5000, 5000, 5000, 5000, 5000, 5000, 5000, 5000, 5000, 5000, 5000, 5000, 5000, 5000, 5000, 5000, 5000, 5000, 1046, 0]
[5000, 5000, 5000, 5000, 5000, 5000, 5000, 5000, 5000, 5000, 5000, 5000, 5000, 5000, 5000, 5000, 5000, 5000, 5000, 5000, 5000, 5000, 5000, 5000, 5000, 5000, 5000, 5000, 1047, 0]
[5000, 5000, 5000, 5000, 5000, 5000, 5000, 5000, 5000, 5000, 5000, 5000, 5000, 5000, 5000, 5000, 5000, 5000, 5000, 5000, 5000, 5000, 5000, 5000, 5000, 5000, 5000, 5000, 1048, 0]
[5000, 5000, 5000, 5000, 5000, 5000, 5000, 5000, 5000, 5000, 249, -139, 5000, 5000, 5000, 5000, 5000, 5000, 5000, 5000, 5000, 5000, 5000, 5000, 5000, 5000, 5000, 5000, 1049, 0]
[5000, 5000, 5000, 5000, 5000, 5000, 5000, 5000, 5000, 5000, 201, -78, 5000, 5000, 5000, 5000, 5000, 5000, 5000, 5000, 5000, 5000, 5000, 5000, 5000, 5000, 5000, 5000, 1050, 0]
[5000, 5000, 5000, 5000, 5000, 5000, 5000, 5000, 5000, 5000, 166, -17, 5000, 5000, 5000, 5000, 5000, 5000, 5000, 5000, 5000, 5000, 5000, 5000, 5000, 5000, 5000, 5000, 1051, 0]
[5000, 5000, 5000, 5000, 5000, 5000, 5000, 5000, 5000, 5000, 165, -19, 5000, 5000, 5000, 5000, 5000, 5000, 5000, 5000, 5000, 5000, 5000, 5000, 5000, 5000, 5000, 5000, 1052, 0]
[5000, 5000, 5000, 5000, 5000, 5000, 5000, 5000, 5000, 5000, 165, -19, 5000, 5000, 5000, 5000, 5000, 5000, 5000, 5000, 5000, 5000, 5000, 5000, 5000, 5000, 5000, 5000, 1053, 0]
[5000, 5000, 5000, 5000, 5000, 5000, 5000, 5000, 5000, 5000, 165, -19, 5000, 5000, 5000, 5000, 5000, 5000, 5000, 5000, 5000, 5000, 5000, 5000, 5000, 5000, 5000, 5000, 1054, 0]
[5000, 5000, 5000, 5000, 5000, 5000, 5000, 5000, 5000, 5000, 165, -19, 5000, 5000, 5000, 5000, 5000, 5000, 5000, 5000, 5000, 5000, 5000, 5000, 5000, 5000, 5000, 5000, 1055, 0]
[5000, 5000, 5000, 5000, 5000, 5000, 5000, 5000, 5000, 5000, 165, -19, 5000, 5000, 5000, 5000, 5000, 5000, 5000, 5000, 5000, 5000, 5000, 5000, 5000, 5000, 5000, 5000, 1056, 0]
[5000, 5000, 5000, 5000, 5000, 5000, 5000, 5000, 5000, 5000, 165, -19, 5000, 5000, 5000, 5000, 5000, 5000, 5000, 5000, 5000, 5000, 5000, 5000, 5000, 5000, 5000, 5000, 1057, 0]
[5000, 5000, 5000, 5000, 5000, 5000, 5000, 5000, 5000, 5000, 165, -19, 5000, 5000, 5000, 5000, 5000, 5000, 5000, 5000, 5000, 5000, 5000, 5000, 5000, 5000, 5000, 5000, 1058, 0]
[5000, 5000, 5000, 5000, 5000, 5000, 5000, 5000, 5000, 5000, 165, -19, 5000, 5000, 5000, 5000, 5000, 5000, 5000, 5000, 5000, 5000, 5000, 5000, 5000, 5000, 5000, 5000, 1059, 0]
[5000, 5000, 5000, 5000, 5000, 5000, 5000, 5000, 5000, 5000, 165, -19, 5000, 5000, 5000, 5000, 5000, 5000, 5000, 5000, 5000, 5000, 5000, 5000, 5000, 5000, 5000, 5000, 1060, 0]
[5000, 5000, 5000, 5000, 5000, 5000, 5000, 5000, 5000, 5000, 165, -19, 5000, 5000, 5000, 5000, 5000, 5000, 5000, 5000, 5000, 5000, 5000, 5000, 5000, 5000, 5000, 5000, 1061, 0]
[5000, 5000, 5000, 5000, 5000, 5000, 5000, 5000, 5000, 5000, 165, -19, 5000, 5000, 5000, 5000, 5000, 5000, 5000, 5000, 5000, 5000, 5000, 5000, 5000, 5000, 5000, 5000, 1062, 0]
[5000, 5000, 5000, 5000, 5000, 5000, 5000, 5000, 5000, 5000, 165, -19, 5000, 5000, 5000, 5000, 5000, 5000, 5000, 5000, 5000, 5000, 5000, 5000, 5000, 5000, 5000, 5000, 1063, 0]
[5000, 5000, 5000, 5000, 5000, 5000, 5000, 5000, 5000, 5000, 165, -19, 5000, 5000, 5000, 5000, 5000, 5000, 5000, 5000, 5000, 5000, 5000, 5000, 5000, 5000, 5000, 5000, 1064, 0]
[5000, 5000, 5000, 5000, 5000, 5000, 5000, 5000, 5000, 5000, 165, -19, 5000, 5000, 5000, 5000, 5000, 5000, 5000, 5000, 5000, 5000, 5000, 5000, 5000, 5000, 5000, 5000, 1065, 0]
[5000, 5000, 5000, 5000, 5000, 5000, 5000, 5000, 5000, 5000, 165, -19, 5000, 5000, 5000, 5000, 5000, 5000, 5000, 5000, 5000, 5000, 5000, 5000, 5000, 5000, 5000, 5000, 1066, 0]
[5000, 5000, 5000, 5000, 5000, 5000, 5000, 5000, 5000, 5000, 165, -19, 5000, 5000, 5000, 5000, 5000, 5000, 5000, 5000, 5000, 5000, 5000, 5000, 5000, 5000, 5000, 5000, 1067, 0]
[5000, 5000, 5000, 5000, 5000, 5000, 5000, 5000, 5000, 5000, 165, -19, 5000, 5000, 5000, 5000, 5000, 5000, 5000, 5000, 5000, 5000, 5000, 5000, 5000, 5000, 5000, 5000, 1068, 0]
[5000, 5000, 5000, 5000, 5000, 5000, 5000, 5000, 5000, 5000, 165, -19, 5000, 5000, 5000, 5000, 5000, 5000, 5000, 5000, 5000, 5000, 5000, 5000, 5000, 5000, 5000, 5000, 1069, 0]
[5000, 5000, 5000, 5000, 5000, 5000, 5000, 5000, 5000, 5000, 165, -19, 5000, 5000, 5000, 5000, 5000, 5000, 5000, 5000, 5000, 5000, 5000, 5000, 5000, 5000, 5000, 5000, 1070, 0]
[5000, 5000, 5000, 5000, 5000, 5000, 5000, 5000, 5000, 5000, 165, -19, 5000, 5000, 5000, 5000, 5000, 5000, 5000, 5000, 5000, 5000, 5000, 5000, 5000, 5000, 5000, 5000, 1071, 0]
[5000, 5000, 5000, 5000, 5000, 5000, 5000, 5000, 5000, 5000, 165, -19, 5000, 5000, 5000, 5000, 5000, 5000, 5000, 5000, 5000, 5000, 5000, 5000, 5000, 5000, 5000, 5000, 1072, 0]
[5000, 5000, 5000, 5000, 5000, 5000, 5000, 5000, 5000, 5000, 165, -19, 5000, 5000, 5000, 5000, 5000, 5000, 5000, 5000, 5000, 5000, 5000, 5000, 5000, 5000, 5000, 5000, 1073, 0]
[5000, 5000, 5000, 5000, 5000, 5000, 5000, 5000, 5000, 5000, 165, -19, 5000, 5000, 5000, 5000, 5000, 5000, 5000, 5000, 5000, 5000, 5000, 5000, 5000, 5000, 5000, 5000, 1074, 0]
[5000, 5000, 5000, 5000, 5000, 5000, 5000, 5000, 5000, 5000, 165, -19, 5000, 5000, 5000, 5000, 5000, 5000, 5000, 5000, 5000, 5000, 5000, 5000, 5000, 5000, 5000, 5000, 1075, 0]
[5000, 5000, 5000, 5000, 5000, 5000, 5000, 5000, 5000, 5000, 165, -19, 5000, 5000, 5000, 5000, 5000, 5000, 5000, 5000, 5000, 5000, 5000, 5000, 5000, 5000, 5000, 5000, 1076, 0]
[5000, 5000, 5000, 5000, 5000, 5000, 5000, 5000, 5000, 5000, 165, -19, 5000, 5000, 5000, 5000, 5000, 5000, 5000, 5000, 5000, 5000, 5000, 5000, 5000, 5000, 5000, 5000, 1077, 0]
[5000, 5000, 5000, 5000, 5000, 5000, 5000, 5000, 5000, 5000, 165, -19, 5000, 5000, 5000, 5000, 5000, 5000, 5000, 5000, 5000, 5000, 5000, 5000, 5000, 5000, 5000, 5000, 1078, 0]
[5000, 5000, 5000, 5000, 5000, 5000, 5000, 5000, 5000, 5000, 165, -19, 5000, 5000, 5000, 5000, 5000, 5000, 5000, 5000, 5000, 5000, 5000, 5000, 5000, 5000, 5000, 5000, 1079, 0]
[5000, 5000, 5000, 5000, 5000, 5000, 5000, 5000, 5000, 5000, 165, -19, 5000, 5000, 5000, 5000, 5000, 5000, 5000, 5000, 5000, 5000, 5000, 5000, 5000, 5000, 5000, 5000, 1080, 0]
[5000, 5000, 5000, 5000, 5000, 5000, 5000, 5000, 5000, 5000, 165, -19, 5000, 5000, 5000, 5000, 5000, 5000, 5000, 5000, 5000, 5000, 5000, 5000, 5000, 5000, 5000, 5000, 1081, 0]
[5000, 5000, 5000, 5000, 5000, 5000, 5000, 5000, 5000, 5000, 165, -19, 5000, 5000, 5000, 5000, 5000, 5000, 5000, 5000, 5000, 5000, 5000, 5000, 5000, 5000, 5000, 5000, 1082, 0]
[5000, 5000, 5000, 5000, 5000, 5000, 5000, 5000, 5000, 5000, 165, -19, 5000, 5000, 5000, 5000, 5000, 5000, 5000, 5000, 5000, 5000, 5000, 5000, 5000, 5000, 5000, 5000, 1083, 0]
[5000, 5000, 5000, 5000, 5000, 5000, 5000, 5000, 5000, 5000, 165, -19, 5000, 5000, 5000, 5000, 5000, 5000, 5000, 5000, 5000, 5000, 5000, 5000, 5000, 5000, 5000, 5000, 1084, 0]
[5000, 5000, 5000, 5000, 5000, 5000, 5000, 5000, 5000, 5000, 165, -19, 5000, 5000, 5000, 5000, 5000, 5000, 5000, 5000, 5000, 5000, 5000, 5000, 5000, 5000, 5000, 5000, 1085, 0]
[5000, 5000, 5000, 5000, 5000, 5000, 5000, 5000, 5000, 5000, 165, -19, 5000, 5000, 5000, 5000, 5000, 5000, 5000, 5000, 5000, 5000, 5000, 5000, 5000, 5000, 5000, 5000, 1086, 0]
[5000, 5000, 5000, 5000, 5000, 5000, 5000, 5000, 5000, 5000, 165, -19, 5000, 5000, 5000, 5000, 5000, 5000, 5000, 5000, 5000, 5000, 5000, 5000, 5000, 5000, 5000, 5000, 1087, 0]
[5000, 5000, 5000, 5000, 5000, 5000, 5000, 5000, 5000, 5000, 158, -19, 5000, 5000, 5000, 5000, 5000, 5000, 5000, 5000, 5000, 5000, 5000, 5000, 5000, 5000, 5000, 5000, 1088, 0]
[5000, 5000, 5000, 5000, 5000, 5000, 5000, 5000, 5000, 5000, 145, -18, 5000, 5000, 5000, 5000, 5000, 5000, 5000, 5000, 5000, 5000, 5000, 5000, 5000, 5000, 5000, 5000, 1089, 0]
[5000, 5000, 5000, 5000, 5000, 5000, 5000, 5000, 5000, 5000, 124, -21, 5000, 5000, 5000, 5000, 5000, 5000, 5000, 5000, 5000, 5000, 5000, 5000, 5000, 5000, 5000, 5000, 1090, 0]
[5000, 5000, 5000, 5000, 5000, 5000, 5000, 5000, 5000, 5000, 87, -20, 5000, 5000, 5000, 5000, 5000, 5000, 5000, 5000, 5000, 5000, 5000, 5000, 5000, 5000, 5000, 5000, 1091, 0]
[5000, 5000, 5000, 5000, 5000, 5000, 5000, 5000, 5000, 5000, 38, -19, 5000, 5000, 5000, 5000, 5000, 5000, 5000, 5000, 5000, 5000, 5000, 5000, 5000, 5000, 5000, 5000, 1092, 0]
[5000, 5000, 5000, 5000, 5000, 5000, 5000, 5000, 5000, 5000, 4, -64, 5000, 5000, 5000, 5000, 5000, 5000, 5000, 5000, 5000, 5000, 289, 44, 5000, 5000, 5000, 5000, 1093, 0]
[5000, 5000, 5000, 5000, 5000, 5000, 5000, 5000, 5000, 5000, 5000, 5000, 5000, 5000, 5000, 5000, 5000, 5000, 5000, 5000, 5000, 5000, 233, 42, 263, 42, 5000, 5000, 1094, 0]
[5000, 5000, 5000, 5000, 5000, 5000, 5000, 5000, 5000, 5000, 5000, 5000, 5000, 5000, 5000, 5000, 5000, 5000, 5000, 5000, 5000, 5000, 233, 41, 5000, 5000, 5000, 5000, 1095, 0]
[5000, 5000, 248, 257, 5000, 5000, 5000, 5000, 5000, 5000, 5000, 5000, 5000, 5000, 5000, 5000, 5000, 5000, 5000, 5000, 5000, 5000, 193, 41, 5000, 5000, 5000, 5000, 1096, 0]
[5000, 5000, 5000, 5000, 5000, 5000, 5000, 5000, 5000, 5000, 5000, 5000, 5000, 5000, 5000, 5000, 5000, 5000, 5000, 5000, 5000, 5000, 128, 41, 5000, 5000, 5000, 5000, 1097, 0]
[5000, 5000, 5000, 5000, 5000, 5000, 5000, 5000, 5000, 5000, 222, -14, 5000, 5000, 5000, 5000, 5000, 5000, 5000, 5000, 5000, 5000, 63, 41, 5000, 5000, 5000, 5000, 1098, 0]
[5000, 5000, 5000, 5000, 5000, 5000, 5000, 5000, 5000, 5000, 203, -21, 5000, 5000, 5000, 5000, 5000, 5000, 5000, 5000, 5000, 5000, 41, 40, 5000, 5000, 5000, 5000, 1099, 0]
[5000, 5000, 57, 260, 5000, 5000, 5000, 5000, 5000, 5000, 203, -22, 5000, 5000, 5000, 5000, 5000, 5000, 5000, 5000, 5000, 5000, 41, 40, 5000, 5000, 5000, 5000, 1100, 0]
[5000, 5000, 5000, 5000, 5000, 5000, 5000, 5000, 5000, 5000, 203, -22, 5000, 5000, 5000, 5000, 5000, 5000, 5000, 5000, 5000, 5000, 218, 162, 5000, 5000, 5000, 5000, 1101, 0]
[5000, 5000, 56, 263, 5000, 5000, 5000, 5000, 5000, 5000, 203, -18, 5000, 5000, 5000, 5000, 5000, 5000, 5000, 5000, 5000, 5000, 39, 43, 10, 42, 5000, 5000, 1102, 0]
[5000, 5000, 55, 264, 5000, 5000, 5000, 5000, 5000, 5000, 203, -19, 5000, 5000, 5000, 5000, 5000, 5000, 5000, 5000, 5000, 5000, 38, 42, 8, 42, 5000, 5000, 1103, 0]
[5000, 5000, 56, 264, 5000, 5000, 5000, 5000, 5000, 5000, 204, -19, 5000, 5000, 5000, 5000, 5000, 5000, 5000, 5000, 5000, 5000, 39, 43, 9, 43, 5000, 5000, 1104, 0]
[5000, 5000, 56, 264, 5000, 5000, 5000, 5000, 5000, 5000, 204, -19, 5000, 5000, 5000, 5000, 5000, 5000, 5000, 5000, 5000, 5000, 39, 43, 9, 43, 5000, 5000, 1105, 0]
[5000, 5000, 56, 264, 5000, 5000, 5000, 5000, 5000, 5000, 204, -19, 5000, 5000, 5000, 5000, 5000, 5000, 5000, 5000, 5000, 5000, 39, 43, 9, 43, 5000, 5000, 1106, 0]
[5000, 5000, 56, 264, 5000, 5000, 5000, 5000, 5000, 5000, 204, -19, 5000, 5000, 5000, 5000, 5000, 5000, 5000, 5000, 5000, 5000, 39, 43, 9, 43, 5000, 5000, 1107, 0]
[5000, 5000, 56, 264, 5000, 5000, 5000, 5000, 5000, 5000, 204, -19, 5000, 5000, 5000, 5000, 5000, 5000, 5000, 5000, 5000, 5000, 39, 43, 9, 42, 5000, 5000, 1108, 0]
[5000, 5000, 56, 264, 5000, 5000, 5000, 5000, 5000, 5000, 204, -19, 5000, 5000, 5000, 5000, 5000, 5000, 5000, 5000, 5000, 5000, 39, 43, 9, 43, 5000, 5000, 1109, 0]
[5000, 5000, 56, 264, 5000, 5000, 5000, 5000, 5000, 5000, 204, -19, 5000, 5000, 5000, 5000, 5000, 5000, 5000, 5000, 5000, 5000, 39, 43, 9, 43, 5000, 5000, 1110, 0]
[5000, 5000, 56, 264, 5000, 5000, 5000, 5000, 5000, 5000, 204, -19, 5000, 5000, 5000, 5000, 5000, 5000, 5000, 5000, 5000, 5000, 39, 43, 9, 43, 5000, 5000, 1111, 0]
[5000, 5000, 56, 264, 5000, 5000, 5000, 5000, 5000, 5000, 204, -19, 5000, 5000, 5000, 5000, 5000, 5000, 5000, 5000, 5000, 5000, 39, 43, 9, 43, 5000, 5000, 1112, 0]
[5000, 5000, 56, 264, 5000, 5000, 5000, 5000, 5000, 5000, 204, -19, 5000, 5000, 5000, 5000, 5000, 5000, 5000, 5000, 5000, 5000, 39, 43, 9, 43, 5000, 5000, 1113, 0]
[5000, 5000, 56, 264, 5000, 5000, 5000, 5000, 5000, 5000, 204, -19, 5000, 5000, 5000, 5000, 5000, 5000, 5000, 5000, 5000, 5000, 39, 43, 9, 42, 5000, 5000, 1114, 0]
[5000, 5000, 56, 264, 5000, 5000, 5000, 5000, 5000, 5000, 204, -19, 5000, 5000, 5000, 5000, 5000, 5000, 5000, 5000, 5000, 5000, 39, 43, 9, 43, 5000, 5000, 1115, 0]
[5000, 5000, 56, 264, 5000, 5000, 5000, 5000, 5000, 5000, 204, -19, 5000, 5000, 5000, 5000, 5000, 5000, 5000, 5000, 5000, 5000, 39, 43, 9, 43, 5000, 5000, 1116, 0]
[5000, 5000, 56, 264, 5000, 5000, 5000, 5000, 5000, 5000, 204, -19, 5000, 5000, 5000, 5000, 5000, 5000, 5000, 5000, 5000, 5000, 39, 43, 9, 43, 5000, 5000, 1117, 0]
[5000, 5000, 56, 264, 5000, 5000, 5000, 5000, 5000, 5000, 204, -19, 5000, 5000, 5000, 5000, 5000, 5000, 5000, 5000, 5000, 5000, 39, 43, 9, 43, 5000, 5000, 1118, 0]
[5000, 5000, 56, 264, 5000, 5000, 5000, 5000, 5000, 5000, 204, -19, 5000, 5000, 5000, 5000, 5000, 5000, 5000, 5000, 5000, 5000, 39, 43, 9, 43, 5000, 5000, 1119, 0]
[5000, 5000, 5000, 5000, 5000, 5000, 5000, 5000, 5000, 5000, 187, -20, 5000, 5000, 5000, 5000, 5000, 5000, 5000, 5000, 5000, 5000, 21, 42, 5000, 5000, 5000, 5000, 1120, 0]
[5000, 5000, 5000, 5000, 5000, 5000, 5000, 5000, 5000, 5000, 160, -19, 5000, 5000, 5000, 5000, 5000, 5000, 5000, 5000, 5000, 5000, 25, 169, 5000, 5000, 5000, 5000, 1121, 0]
[5000, 5000, 5000, 5000, 5000, 5000, 5000, 5000, 5000, 5000, 150, -19, 5000, 5000, 5000, 5000, 5000, 5000, 5000, 5000, 5000, 5000, 12, 168, 5000, 5000, 5000, 5000, 1122, 0]
[5000, 5000, 5000, 5000, 5000, 5000, 5000, 5000, 5000, 5000, 150, -19, 5000, 5000, 5000, 5000, 5000, 5000, 5000, 5000, 5000, 5000, 12, 168, 5000, 5000, 5000, 5000, 1123, 0]
[5000, 5000, 5000, 5000, 5000, 5000, 5000, 5000, 5000, 5000, 150, -19, 5000, 5000, 5000, 5000, 5000, 5000, 5000, 5000, 5000, 5000, 12, 168, 5000, 5000, 5000, 5000, 1124, 0]
[5000, 5000, 5000, 5000, 5000, 5000, 5000, 5000, 5000, 5000, 150, -20, 5000, 5000, 5000, 5000, 5000, 5000, 5000, 5000, 5000, 5000, 12, 162, 5000, 5000, 5000, 5000, 1125, 0]
[5000, 5000, 5000, 5000, 5000, 5000, 5000, 5000, 5000, 5000, 151, -19, 5000, 5000, 5000, 5000, 5000, 5000, 5000, 5000, 5000, 5000, 5000, 5000, 5000, 5000, 5000, 5000, 1126, 0]
[5000, 5000, 5000, 5000, 5000, 5000, 5000, 5000, 5000, 5000, 151, -19, 5000, 5000, 5000, 5000, 5000, 5000, 5000, 5000, 5000, 5000, 5000, 5000, 5000, 5000, 5000, 5000, 1127, 0]
[5000, 5000, 5000, 5000, 5000, 5000, 5000, 5000, 5000, 5000, 150, -19, 5000, 5000, 5000, 5000, 5000, 5000, 5000, 5000, 5000, 5000, 5000, 5000, 5000, 5000, 5000, 5000, 1128, 0]
[5000, 5000, 5000, 5000, 5000, 5000, 5000, 5000, 5000, 5000, 150, -19, 5000, 5000, 5000, 5000, 5000, 5000, 5000, 5000, 5000, 5000, 5000, 5000, 5000, 5000, 5000, 5000, 1129, 0]
[5000, 5000, 5000, 5000, 5000, 5000, 5000, 5000, 5000, 5000, 150, -19, 5000, 5000, 5000, 5000, 5000, 5000, 5000, 5000, 5000, 5000, 5000, 5000, 5000, 5000, 5000, 5000, 1130, 0]
[5000, 5000, 5000, 5000, 5000, 5000, 5000, 5000, 5000, 5000, 150, -19, 5000, 5000, 5000, 5000, 5000, 5000, 5000, 5000, 5000, 5000, 5000, 5000, 5000, 5000, 5000, 5000, 1131, 0]
[5000, 5000, 5000, 5000, 5000, 5000, 5000, 5000, 5000, 5000, 150, -19, 5000, 5000, 5000, 5000, 5000, 5000, 5000, 5000, 5000, 5000, 5000, 5000, 5000, 5000, 5000, 5000, 1132, 0]
[5000, 5000, 5000, 5000, 5000, 5000, 5000, 5000, 5000, 5000, 150, -19, 5000, 5000, 5000, 5000, 5000, 5000, 5000, 5000, 5000, 5000, 5000, 5000, 5000, 5000, 5000, 5000, 1133, 0]
[5000, 5000, 5000, 5000, 5000, 5000, 5000, 5000, 5000, 5000, 150, -19, 5000, 5000, 5000, 5000, 5000, 5000, 5000, 5000, 5000, 5000, 5000, 5000, 5000, 5000, 5000, 5000, 1134, 0]
[5000, 5000, 5000, 5000, 5000, 5000, 5000, 5000, 5000, 5000, 150, -19, 5000, 5000, 5000, 5000, 5000, 5000, 5000, 5000, 5000, 5000, 5000, 5000, 5000, 5000, 5000, 5000, 1135, 0]
[5000, 5000, 5000, 5000, 5000, 5000, 5000, 5000, 5000, 5000, 151, -19, 5000, 5000, 5000, 5000, 5000, 5000, 5000, 5000, 5000, 5000, 5000, 5000, 5000, 5000, 5000, 5000, 1136, 0]
[5000, 5000, 5000, 5000, 5000, 5000, 5000, 5000, 5000, 5000, 150, -19, 5000, 5000, 5000, 5000, 5000, 5000, 5000, 5000, 5000, 5000, 5000, 5000, 5000, 5000, 5000, 5000, 1137, 0]
[5000, 5000, 5000, 5000, 5000, 5000, 5000, 5000, 5000, 5000, 150, -19, 5000, 5000, 5000, 5000, 5000, 5000, 5000, 5000, 5000, 5000, 5000, 5000, 5000, 5000, 5000, 5000, 1138, 0]
[5000, 5000, 5000, 5000, 5000, 5000, 5000, 5000, 5000, 5000, 150, -19, 5000, 5000, 5000, 5000, 5000, 5000, 5000, 5000, 5000, 5000, 5000, 5000, 5000, 5000, 5000, 5000, 1139, 0]
[5000, 5000, 5000, 5000, 5000, 5000, 5000, 5000, 5000, 5000, 5000, 5000, 5000, 5000, 5000, 5000, 5000, 5000, 5000, 5000, 5000, 5000, 5000, 5000, 5000, 5000, 5000, 5000, 0, 0]
[5000, 5000, 5000, 5000, 5000, 5000, 5000, 5000, 5000, 5000, 5000, 5000, 5000, 5000, 5000, 5000, 5000, 5000, 5000, 5000, 5000, 5000, 5000, 5000, 5000, 5000, 5000, 5000, 0, 0]
[5000, 5000, 5000, 5000, 5000, 5000, 5000, 5000, 5000, 5000, 5000, 5000, 5000, 5000, 5000, 5000, 5000, 5000, 5000, 5000, 5000, 5000, 5000, 5000, 5000, 5000, 5000, 5000, 0, 0]
[5000, 5000, 5000, 5000, 5000, 5000, 5000, 5000, 5000, 5000, 5000, 5000, 5000, 5000, 5000, 5000, 5000, 5000, 5000, 5000, 5000, 5000, 5000, 5000, 5000, 5000, 5000, 5000, 0, 0]
[5000, 5000, 5000, 5000, 5000, 5000, 5000, 5000, 5000, 5000, 5000, 5000, 5000, 5000, 5000, 5000, 5000, 5000, 5000, 5000, 5000, 5000, 5000, 5000, 5000, 5000, 5000, 5000, 0, 0]
[5000, 5000, 5000, 5000, 5000, 5000, 5000, 5000, 5000, 5000, 5000, 5000, 5000, 5000, 5000, 5000, 5000, 5000, 5000, 5000, 5000, 5000, 5000, 5000, 426, -227, 5000, 5000, 1, 0]
[5000, 5000, 539, -78, 5000, 5000, 5000, 5000, 5000, 5000, 5000, 5000, 5000, 5000, 5000, 5000, 5000, 5000, 5000, 5000, 5000, 5000, 5000, 5000, 429, -229, 5000, 5000, 2, 0]
[5000, 5000, 494, -62, 5000, 5000, 5000, 5000, 5000, 5000, 5000, 5000, 5000, 5000, 5000, 5000, 5000, 5000, 5000, 5000, 5000, 5000, 5000, 5000, 428, -228, 5000, 5000, 3, 0]
[5000, 5000, 450, 8, 5000, 5000, 5000, 5000, 5000, 5000, 5000, 5000, 5000, 5000, 5000, 5000, 5000, 5000, 5000, 5000, 5000, 5000, 5000, 5000, 433, -233, 5000, 5000, 4, 0]
[5000, 5000, 5000, 5000, 5000, 5000, 5000, 5000, 5000, 5000, 5000, 5000, 5000, 5000, 5000, 5000, 5000, 5000, 5000, 5000, 5000, 5000, 5000, 5000, 10, 188, 5000, 5000, 5, 0]
[5000, 5000, 5000, 5000, 5000, 5000, 5000, 5000, 5000, 5000, 5000, 5000, 5000, 5000, 5000, 5000, 5000, 5000, 5000, 5000, 5000, 5000, 5000, 5000, 327, -126, 5000, 5000, 6, 0]
[5000, 5000, 5000, 5000, 5000, 5000, 5000, 5000, 5000, 5000, 5000, 5000, 5000, 5000, 5000, 5000, 5000, 5000, 5000, 5000, 5000, 5000, 5000, 5000, 103, 95, 5000, 5000, 7, 0]
[5000, 5000, 5000, 5000, 5000, 5000, 5000, 5000, 5000, 5000, 5000, 5000, 5000, 5000, 5000, 5000, 5000, 5000, 5000, 5000, 5000, 5000, 5000, 5000, 5000, 5000, 5000, 5000, 8, 0]
[5000, 5000, 5000, 5000, 5000, 5000, 5000, 5000, 5000, 5000, 5000, 5000, 5000, 5000, 5000, 5000, 5000, 5000, 5000, 5000, 5000, 5000, 166, 81, 36, 84, 5000, 5000, 9, 0]
[5000, 5000, 5000, 5000, 5000, 5000, 5000, 5000, 5000, 5000, 5000, 5000, 5000, 5000, 5000, 5000, 5000, 5000, 5000, 5000, 5000, 5000, 155, 83, 5000, 5000, 5000, 5000, 10, 0]
[5000, 5000, 5000, 5000, 5000, 5000, 5000, 5000, 5000, 5000, 5000, 5000, 5000, 5000, 175, -86, 5000, 5000, 5000, 5000, 5000, 5000, 5000, 5000, 5000, 5000, 5000, 5000, 11, 0]
[5000, 5000, 5000, 5000, 5000, 5000, 5000, 5000, 5000, 5000, 5000, 5000, 5000, 5000, 37, -170, 5000, 5000, 5000, 5000, 5000, 5000, 5000, 5000, 5000, 5000, 5000, 5000, 12, 0]
[5000, 5000, 5000, 5000, 5000, 5000, 5000, 5000, 5000, 5000, 5000, 5000, 5000, 5000, 129, -116, 5000, 5000, 5000, 5000, 5000, 5000, 5000, 5000, 5000, 5000, 5000, 5000, 13, 0]
[5000, 5000, 112, -32, 5000, 5000, 5000, 5000, 5000, 5000, 5000, 5000, 5000, 5000, 13, 29, 5000, 5000, 5000, 5000, 5000, 5000, 5000, 5000, 5000, 5000, 5000, 5000, 14, 0]
[5000, 5000, 154, 15, 5000, 5000, 5000, 5000, 5000, 5000, 5000, 5000, 5000, 5000, 15, 77, 5000, 5000, 5000, 5000, 5000, 5000, 5000, 5000, 5000, 5000, 5000, 5000, 15, 0]
[5000, 5000, 199, -73, 5000, 5000, 5000, 5000, 5000, 5000, 5000, 5000, 5000, 5000, 13, -11, 5000, 5000, 5000, 5000, 5000, 5000, 5000, 5000, 5000, 5000, 5000, 5000, 16, 0]
[5000, 5000, 5000, 5000, 5000, 5000, 5000, 5000, 5000, 5000, 5000, 5000, 5000, 5000, 5000, 5000, 5000, 5000, 5000, 5000, 5000, 5000, 5000, 5000, 5000, 5000, 5000, 5000, 17, 0]
[5000, 5000, 5000, 5000, 5000, 5000, 5000, 5000, 5000, 5000, 5000, 5000, 5000, 5000, 5000, 5000, 5000, 5000, 5000, 5000, 5000, 5000, 5000, 5000, 427, -226, 5000, 5000, 18, 0]
[5000, 5000, 526, -74, 5000, 5000, 5000, 5000, 5000, 5000, 5000, 5000, 5000, 5000, 5000, 5000, 5000, 5000, 522, -70, 5000, 5000, 554, -214, 428, -215, 5000, 5000, 19, 0]
[5000, 5000, 5000, 5000, 5000, 5000, 5000, 5000, 5000, 5000, 5000, 5000, 5000, 5000, 5000, 5000, 5000, 5000, 474, 26, 5000, 5000, 558, -211, 430, -210, 5000, 5000, 20, 0]
[5000, 5000, 438, -48, 5000, 5000, 5000, 5000, 5000, 5000, 5000, 5000, 5000, 5000, 5000, 5000, 5000, 5000, 5000, 5000, 5000, 5000, 555, -203, 428, -205, 5000, 5000, 21, 0]
[5000, 5000, 414, 22, 5000, 5000, 5000, 5000, 5000, 5000, 5000, 5000, 5000, 5000, 5000, 5000, 5000, 5000, 5000, 5000, 5000, 5000, 556, -199, 430, -200, 5000, 5000, 22, 0]
[5000, 5000, 389, -94, 5000, 5000, 5000, 5000, 5000, 5000, 5000, 5000, 5000, 5000, 5000, 5000, 5000, 5000, 387, -89, 5000, 5000, 554, -207, 427, -208, 5000, 5000, 23, 0]
[5000, 5000, 5000, 5000, 5000, 5000, 5000, 5000, 5000, 5000, 5000, 5000, 5000, 5000, 5000, 5000, 5000, 5000, 239, -82, 5000, 5000, 459, -122, 331, -119, 5000, 5000, 24, 0]
[5000, 5000, 5000, 5000, 5000, 5000, 5000, 5000, 5000, 5000, 5000, 5000, 5000, 5000, 5000, 5000, 5000, 5000, 5000, 5000, 5000, 5000, 279, 57, 151, 60, 5000, 5000, 25, 0]
[5000, 5000, 5000, 5000, 5000, 5000, 5000, 5000, 5000, 5000, 5000, 5000, 5000, 5000, 5000, 5000, 5000, 5000, 5000, 5000, 5000, 5000, 268, 69, 141, 71, 5000, 5000, 26, 0]
[5000, 5000, 5000, 5000, 5000, 5000, 5000, 5000, 5000, 5000, 5000, 5000, 5000, 5000, 5000, 5000, 5000, 5000, 5000, 5000, 5000, 5000, 320, 17, 192, 20, 5000, 5000, 27, 0]
[5000, 5000, 5000, 5000, 5000, 5000, 5000, 5000, 5000, 5000, 5000, 5000, 5000, 5000, 5000, 5000, 5000, 5000, 5000, 5000, 5000, 5000, 364, -26, 237, -24, 5000, 5000, 28, 0]
[5000, 5000, 5000, 5000, 5000, 5000, 5000, 5000, 5000, 5000, 5000, 5000, 5000, 5000, 5000, 5000, 5000, 5000, 5000, 5000, 5000, 5000, 5000, 5000, 5000, 5000, 5000, 5000, 0, 0]
[5000, 5000, 5000, 5000, 5000, 5000, 5000, 5000, 5000, 5000, 5000, 5000, 5000, 5000, 5000, 5000, 5000, 5000, 5000, 5000, 5000, 5000, 5000, 5000, 5000, 5000, 5000, 5000, 0, 0]
[5000, 5000, 5000, 5000, 5000, 5000, 5000, 5000, 5000, 5000, 5000, 5000, 5000, 5000, 5000, 5000, 5000, 5000, 5000, 5000, 5000, 5000, 558, -220, 431, -218, 5000, 5000, 1, 0]
[5000, 5000, 5000, 5000, 5000, 5000, 5000, 5000, 5000, 5000, 5000, 5000, 5000, 5000, 5000, 5000, 5000, 5000, 5000, 5000, 5000, 5000, 466, -129, 338, -126, 5000, 5000, 2, 0]
[5000, 5000, 256, 15, 5000, 5000, 5000, 5000, 5000, 5000, 5000, 5000, 5000, 5000, 5000, 5000, 5000, 5000, 5000, 5000, 5000, 5000, 280, 56, 153, 58, 5000, 5000, 3, 0]
[5000, 5000, 5000, 5000, 5000, 5000, 5000, 5000, 5000, 5000, 5000, 5000, 5000, 5000, 5000, 5000, 5000, 5000, 5000, 5000, 5000, 5000, 239, 95, 239, 223, 5000, 5000, 4, 0]
[5000, 5000, 5000, 5000, 5000, 5000, 5000, 5000, 5000, 5000, 5000, 5000, 5000, 5000, 5000, 5000, 5000, 5000, 5000, 5000, 5000, 5000, 200, 94, 138, 222, 5000, 5000, 5, 0]
[5000, 5000, 5000, 5000, 5000, 5000, 5000, 5000, 5000, 5000, 5000, 5000, 5000, 5000, 5000, 5000, 5000, 5000, 5000, 5000, 5000, 5000, 5000, 5000, 5000, 5000, 5000, 5000, 0, 0]
[5000, 5000, 5000, 5000, 5000, 5000, 5000, 5000, 5000, 5000, 5000, 5000, 5000, 5000, 5000, 5000, 5000, 5000, 5000, 5000, 5000, 5000, 282, 10, 31, 14, 5000, 5000, 1, 0]
[5000, 5000, 5000, 5000, 5000, 5000, 5000, 5000, 5000, 5000, 5000, 5000, 5000, 5000, 5000, 5000, 5000, 5000, 5000, 5000, 5000, 5000, 321, -28, 70, -24, 5000, 5000, 2, 0]
[5000, 5000, 5000, 5000, 5000, 5000, 5000, 5000, 5000, 5000, 5000, 5000, 5000, 5000, 5000, 5000, 5000, 5000, 5000, 5000, 5000, 5000, 5000, 5000, 5000, 5000, 5000, 5000, 0, 0]
[5000, 5000, 5000, 5000, 5000, 5000, 5000, 5000, 5000, 5000, 5000, 5000, 5000, 5000, 5000, 5000, 5000, 5000, 5000, 5000, 5000, 5000, 5000, 5000, 5000, 5000, 5000, 5000, 0, 0]
[5000, 5000, 5000, 5000, 5000, 5000, 5000, 5000, 5000, 5000, 5000, 5000, 5000, 5000, 5000, 5000, 5000, 5000, 5000, 5000, 5000, 5000, 524, -186, 397, -184, 5000, 5000, 1, 0]
[5000, 5000, 369, 12, 5000, 5000, 5000, 5000, 5000, 5000, 5000, 5000, 5000, 5000, 5000, 5000, 5000, 5000, 5000, 5000, 5000, 5000, 377, -40, 250, -38, 5000, 5000, 2, 0]
[5000, 5000, 238, 14, 5000, 5000, 5000, 5000, 5000, 5000, 5000, 5000, 5000, 5000, 5000, 5000, 5000, 5000, 5000, 5000, 5000, 5000, 270, 67, 143, 69, 5000, 5000, 3, 0]
[5000, 5000, 5000, 5000, 5000, 5000, 5000, 5000, 5000, 5000, 5000, 5000, 5000, 5000, 5000, 5000, 5000, 5000, 5000, 5000, 5000, 5000, 240, 95, 239, 224, 5000, 5000, 4, 0]
[5000, 5000, 5000, 5000, 5000, 5000, 5000, 5000, 5000, 5000, 5000, 5000, 5000, 5000, 5000, 5000, 5000, 5000, 5000, 5000, 5000, 5000, 203, 93, 142, 220, 5000, 5000, 5, 0]
[5000, 5000, 5000, 5000, 5000, 5000, 5000, 5000, 5000, 5000, 5000, 5000, 5000, 5000, 5000, 5000, 5000, 5000, 5000, 5000, 5000, 5000, 5000, 5000, 5000, 5000, 5000, 5000, 0, 0]
[5000, 5000, 5000, 5000, 5000, 5000, 5000, 5000, 5000, 5000, 5000, 5000, 5000, 5000, 5000, 5000, 5000, 5000, 5000, 5000, 5000, 5000, 5000, 5000, 5000, 5000, 5000, 5000, 1, 0]
[5000, 5000, 5000, 5000, 5000, 5000, 5000, 5000, 5000, 5000, 5000, 5000, 5000, 5000, 5000, 5000, 5000, 5000, 5000, 5000, 5000, 5000, 474, -137, 347, -135, 5000, 5000, 2, 0]
[5000, 5000, 252, 15, 5000, 5000, 5000, 5000, 5000, 5000, 5000, 5000, 5000, 5000, 5000, 5000, 5000, 5000, 5000, 5000, 5000, 5000, 279, 58, 151, 61, 5000, 5000, 3, 0]
[5000, 5000, 5000, 5000, 5000, 5000, 5000, 5000, 5000, 5000, 5000, 5000, 5000, 5000, 5000, 5000, 5000, 5000, 5000, 5000, 5000, 5000, 189, 95, 5000, 5000, 5000, 5000, 4, 0]
[5000, 5000, 5000, 5000, 5000, 5000, 5000, 5000, 5000, 5000, 5000, 5000, 5000, 5000, 5000, 5000, 5000, 5000, 5000, 5000, 5000, 5000, 199, 94, 138, 221, 5000, 5000, 5, 0]
[5000, 5000, 5000, 5000, 5000, 5000, 5000, 5000, 5000, 5000, 5000, 5000, 5000, 5000, 5000, 5000, 5000, 5000, 5000, 5000, 5000, 5000, 5000, 5000, 5000, 5000, 5000, 5000, 0, 0]
[5000, 5000, 5000, 5000, 5000, 5000, 5000, 5000, 5000, 5000, 5000, 5000, 5000, 5000, 5000, 5000, 5000, 5000, 5000, 5000, 5000, 5000, 5000, 5000, 5000, 5000, 5000, 5000, 1, 0]
[5000, 5000, 5000, 5000, 5000, 5000, 5000, 5000, 5000, 5000, 5000, 5000, 5000, 5000, 5000, 5000, 5000, 5000, 5000, 5000, 5000, 5000, 5000, 5000, 368, -156, 5000, 5000, 2, 0]
[5000, 5000, 323, 15, 5000, 5000, 5000, 5000, 5000, 5000, 5000, 5000, 5000, 5000, 5000, 5000, 5000, 5000, 5000, 5000, 5000, 5000, 342, -5, 215, -3, 5000, 5000, 3, 0]
[5000, 5000, 176, 11, 5000, 5000, 5000, 5000, 5000, 5000, 5000, 5000, 5000, 5000, 5000, 5000, 5000, 5000, 5000, 5000, 5000, 5000, 222, 95, 222, 94, 5000, 5000, 4, 0]
[5000, 5000, 5000, 5000, 5000, 5000, 5000, 5000, 5000, 5000, 5000, 5000, 5000, 5000, 5000, 5000, 5000, 5000, 5000, 5000, 5000, 5000, 190, 93, 5000, 5000, 5000, 5000, 5, 0]
[5000, 5000, 5000, 5000, 5000, 5000, 5000, 5000, 5000, 5000, 5000, 5000, 5000, 5000, 5000, 5000, 5000, 5000, 5000, 5000, 5000, 5000, 211, 88, 147, 216, 5000, 5000, 6, 0]
[5000, 5000, 5000, 5000, 5000, 5000, 5000, 5000, 5000, 5000, 5000, 5000, 5000, 5000, 5000, 5000, 5000, 5000, 5000, 5000, 5000, 5000, 557, -219, 429, -218, 5000, 5000, 7, 0]
[5000, 5000, 5000, 5000, 5000, 5000, 5000, 5000, 5000, 5000, 5000, 5000, 5000, 5000, 5000, 5000, 5000, 5000, 5000, 5000, 5000, 5000, 5000, 5000, 352, -141, 5000, 5000, 8, 0]
[5000, 5000, 272, 14, 5000, 5000, 5000, 5000, 5000, 5000, 5000, 5000, 5000, 5000, 5000, 5000, 5000, 5000, 5000, 5000, 5000, 5000, 294, 43, 166, 46, 5000, 5000, 9, 0]
[5000, 5000, 5000, 5000, 5000, 5000, 5000, 5000, 5000, 5000, 5000, 5000, 5000, 5000, 5000, 5000, 5000, 5000, 5000, 5000, 5000, 5000, 5000, 5000, 5000, 5000, 5000, 5000, 10, 0]
[5000, 5000, 5000, 5000, 5000, 5000, 5000, 5000, 5000, 5000, 5000, 5000, 5000, 5000, 5000, 5000, 5000, 5000, 5000, 5000, 5000, 5000, 199, 93, 138, 220, 5000, 5000, 11, 0]
[5000, 5000, 5000, 5000, 5000, 5000, 5000, 5000, 5000, 5000, 5000, 5000, 5000, 5000, 5000, 5000, 5000, 5000, 5000, 5000, 5000, 5000, 234, 58, 173, 185, 5000, 5000, 12, 0]
[5000, 5000, 5000, 5000, 5000, 5000, 5000, 5000, 5000, 5000, 5000, 5000, 5000, 5000, 5000, 5000, 5000, 5000, 5000, 5000, 5000, 5000, 5000, 5000, 5000, 5000, 5000, 5000, 13, 0]
[5000, 5000, 5000, 5000, 5000, 5000, 5000, 5000, 5000, 5000, 5000, 5000, 5000, 5000, 5000, 5000, 5000, 5000, 5000, 5000, 5000, 5000, 5000, 5000, 346, -134, 5000, 5000, 14, 0]
[5000, 5000, 288, 15, 5000, 5000, 5000, 5000, 5000, 5000, 5000, 5000, 5000, 5000, 5000, 5000, 5000, 5000, 5000, 5000, 5000, 5000, 307, 29, 180, 31, 5000, 5000, 15, 0]
[5000, 5000, 150, 14, 5000, 5000, 5000, 5000, 5000, 5000, 5000, 5000, 5000, 5000, 5000, 5000, 5000, 5000, 5000, 5000, 5000, 5000, 194, 94, 224, 93, 5000, 5000, 16, 0]
[5000, 5000, 5000, 5000, 5000, 5000, 5000, 5000, 5000, 5000, 5000, 5000, 5000, 5000, 5000, 5000, 5000, 5000, 5000, 5000, 5000, 5000, 110, 148, 5000, 5000, 5000, 5000, 17, 0]
[5000, 5000, 5000, 5000, 5000, 5000, 5000, 5000, 5000, 5000, 5000, 5000, 5000, 5000, 5000, 5000, 5000, 5000, 5000, 5000, 5000, 5000, 210, 85, 148, 213, 5000, 5000, 18, 0]
[5000, 5000, 5000, 5000, 5000, 5000, 5000, 5000, 5000, 5000, 5000, 5000, 5000, 5000, 5000, 5000, 5000, 5000, 5000, 5000, 5000, 5000, 262, 31, 199, 160, 5000, 5000, 19, 0]
[5000, 5000, 5000, 5000, 5000, 5000, 5000, 5000, 5000, 5000, 5000, 5000, 5000, 5000, 5000, 5000, 5000, 5000, 5000, 5000, 5000, 5000, 5000, 5000, 5000, 5000, 5000, 5000, 0, 0]
[5000, 5000, 5000, 5000, 5000, 5000, 5000, 5000, 5000, 5000, 5000, 5000, 5000, 5000, 5000, 5000, 5000, 5000, 5000, 5000, 5000, 5000, 338, -45, 86, -40, 5000, 5000, 1, 0]
[5000, 5000, 5000, 5000, 5000, 5000, 5000, 5000, 5000, 5000, 5000, 5000, 5000, 5000, 5000, 5000, 5000, 5000, 5000, 5000, 5000, 5000, 354, -60, 102, -55, 5000, 5000, 2, 1]
[5000, 5000, 362, 14, 5000, 5000, 5000, 5000, 5000, 5000, 5000, 5000, 5000, 5000, 5000, 5000, 5000, 5000, 361, 16, 5000, 5000, 5000, 5000, 460, -241, 5000, 5000, 1, 0]
[5000, 5000, 5000, 5000, 5000, 5000, 5000, 5000, 5000, 5000, 5000, 5000, 5000, 5000, 5000, 5000, 5000, 5000, 5000, 5000, 5000, 5000, 5000, 5000, 463, -242, 5000, 5000, 2, 0]
[5000, 5000, 5000, 5000, 5000, 5000, 5000, 5000, 5000, 5000, 5000, 5000, 5000, 5000, 5000, 5000, 5000, 5000, 5000, 5000, 5000, 5000, 5000, 5000, 448, -227, 5000, 5000, 3, 0]
[5000, 5000, 248, 17, 5000, 5000, 5000, 5000, 5000, 5000, 5000, 5000, 5000, 5000, 5000, 5000, 5000, 5000, 5000, 5000, 5000, 5000, 5000, 5000, 405, -184, 5000, 5000, 4, 0]
[5000, 5000, 169, 19, 5000, 5000, 5000, 5000, 5000, 5000, 5000, 5000, 5000, 5000, 5000, 5000, 5000, 5000, 163, 21, 5000, 5000, 5000, 5000, 345, -124, 5000, 5000, 5, 0]
[5000, 5000, 5000, 5000, 5000, 5000, 5000, 5000, 5000, 5000, 5000, 5000, 5000, 5000, 5000, 5000, 5000, 5000, 70, 21, 5000, 5000, 5000, 5000, 269, -48, 5000, 5000, 6, 0]
[5000, 5000, 5000, 5000, 5000, 5000, 5000, 5000, 5000, 5000, 5000, 5000, 5000, 5000, 5000, 5000, 5000, 5000, 5000, 5000, 5000, 5000, 5000, 5000, 215, 5, 5000, 5000, 7, 0]
[5000, 5000, 5000, 5000, 5000, 5000, 5000, 5000, 5000, 5000, 5000, 5000, 5000, 5000, 5000, 5000, 5000, 5000, 5000, 5000, 5000, 5000, 5000, 5000, 213, 6, 5000, 5000, 8, 0]
[5000, 5000, 5000, 5000, 5000, 5000, 5000, 5000, 5000, 5000, 5000, 5000, 5000, 5000, 5000, 5000, 5000, 5000, 5000, 5000, 5000, 5000, 5000, 5000, 214, 6, 5000, 5000, 9, 0]
[5000, 5000, 5000, 5000, 5000, 5000, 5000, 5000, 5000, 5000, 5000, 5000, 5000, 5000, 5000, 5000, 5000, 5000, 5000, 5000, 5000, 5000, 5000, 5000, 5000, 5000, 5000, 5000, 0, 0]
[5000, 5000, 5000, 5000, 5000, 5000, 5000, 5000, 5000, 5000, 5000, 5000, 5000, 5000, 5000, 5000, 5000, 5000, 5000, 5000, 5000, 5000, 5000, 5000, 5000, 5000, 5000, 5000, 0, 0]
[5000, 5000, 5000, 5000, 5000, 5000, 5000, 5000, 5000, 5000, 5000, 5000, 5000, 5000, 5000, 5000, 5000, 5000, 5000, 5000, 5000, 5000, 5000, 5000, 280, -60, 5000, 5000, 1, 0]
[5000, 5000, 5000, 5000, 5000, 5000, 5000, 5000, 5000, 5000, 5000, 5000, 5000, 5000, 5000, 5000, 5000, 5000, 5000, 5000, 5000, 5000, 5000, 5000, 5000, 5000, 5000, 5000, 0, 0]
[5000, 5000, 5000, 5000, 5000, 5000, 5000, 5000, 5000, 5000, 5000, 5000, 5000, 5000, 5000, 5000, 5000, 5000, 5000, 5000, 5000, 5000, 5000, 5000, 5000, 5000, 5000, 5000, 0, 0]
[5000, 5000, 5000, 5000, 5000, 5000, 5000, 5000, 5000, 5000, 5000, 5000, 5000, 5000, 5000, 5000, 5000, 5000, 5000, 5000, 5000, 5000, 5000, 5000, 5000, 5000, 5000, 5000, 0, 0]
[5000, 5000, 5000, 5000, 5000, 5000, 5000, 5000, 5000, 5000, 5000, 5000, 5000, 5000, 5000, 5000, 5000, 5000, 5000, 5000, 5000, 5000, 5000, 5000, 5000, 5000, 5000, 5000, 0, 0]
[5000, 5000, 5000, 5000, 5000, 5000, 5000, 5000, 5000, 5000, 5000, 5000, 5000, 5000, 5000, 5000, 5000, 5000, 5000, 5000, 5000, 5000, 5000, 5000, 5000, 5000, 5000, 5000, 0, 0]
[5000, 5000, 5000, 5000, 5000, 5000, 5000, 5000, 5000, 5000, 5000, 5000, 5000, 5000, 5000, 5000, 5000, 5000, 5000, 5000, 5000, 5000, 5000, 5000, 383, -162, 5000, 5000, 1, 0]
[5000, 5000, 5000, 5000, 5000, 5000, 5000, 5000, 5000, 5000, 5000, 5000, 5000, 5000, 5000, 5000, 5000, 5000, 5000, 5000, 5000, 5000, 5000, 5000, 400, -180, 5000, 5000, 2, 0]
[5000, 5000, 5000, 5000, 5000, 5000, 5000, 5000, 5000, 5000, 5000, 5000, 5000, 5000, 5000, 5000, 5000, 5000, 5000, 5000, 5000, 5000, 5000, 5000, 416, -196, 5000, 5000, 3, 0]
[5000, 5000, 5000, 5000, 5000, 5000, 5000, 5000, 5000, 5000, 5000, 5000, 5000, 5000, 5000, 5000, 5000, 5000, 5000, 5000, 5000, 5000, 5000, 5000, 432, -212, 5000, 5000, 4, 0]
[5000, 5000, 5000, 5000, 5000, 5000, 5000, 5000, 5000, 5000, 5000, 5000, 5000, 5000, 5000, 5000, 5000, 5000, 5000, 5000, 5000, 5000, 5000, 5000, 463, -242, 5000, 5000, 5, 0]
[5000, 5000, 5000, 5000, 5000, 5000, 5000, 5000, 5000, 5000, 5000, 5000, 5000, 5000, 5000, 5000, 5000, 5000, 5000, 5000, 5000, 5000, 5000, 5000, 442, -220, 5000, 5000, 6, 0]
[5000, 5000, 5000, 5000, 5000, 5000, 5000, 5000, 5000, 5000, 5000, 5000, 5000, 5000, 5000, 5000, 5000, 5000, 5000, 5000, 5000, 5000, 5000, 5000, 394, -173, 5000, 5000, 7, 0]
[5000, 5000, 5000, 5000, 5000, 5000, 5000, 5000, 5000, 5000, 5000, 5000, 5000, 5000, 5000, 5000, 5000, 5000, 5000, 5000, 5000, 5000, 5000, 5000, 323, -102, 5000, 5000, 8, 0]
[5000, 5000, 371, 11, 5000, 5000, 5000, 5000, 5000, 5000, 5000, 5000, 5000, 5000, 5000, 5000, 5000, 5000, 5000, 5000, 5000, 5000, 5000, 5000, 248, -26, 5000, 5000, 9, 0]
[5000, 5000, 258, 17, 5000, 5000, 5000, 5000, 5000, 5000, 5000, 5000, 5000, 5000, 5000, 5000, 5000, 5000, 5000, 5000, 5000, 5000, 5000, 5000, 154, 66, 5000, 5000, 10, 0]
[5000, 5000, 5000, 5000, 5000, 5000, 5000, 5000, 5000, 5000, 5000, 5000, 5000, 5000, 5000, 5000, 5000, 5000, 5000, 5000, 5000, 5000, 5000, 5000, 5000, 5000, 5000, 5000, 11, 0]
[5000, 5000, 5000, 5000, 5000, 5000, 5000, 5000, 5000, 5000, 5000, 5000, 5000, 5000, 5000, 5000, 5000, 5000, 5000, 5000, 5000, 5000, 181, 93, 5000, 5000, 5000, 5000, 12, 0]
[5000, 5000, 5000, 5000, 5000, 5000, 5000, 5000, 5000, 5000, 5000, 5000, 5000, 5000, 5000, 5000, 5000, 5000, 5000, 5000, 5000, 5000, 140, 92, 153, 230, 5000, 5000, 13, 0]
[5000, 5000, 5000, 5000, 5000, 5000, 5000, 5000, 5000, 5000, 5000, 5000, 5000, 5000, 5000, 5000, 5000, 5000, 5000, 5000, 5000, 5000, 149, 92, 118, 93, 5000, 5000, 14, 0]
[5000, 5000, 5000, 5000, 5000, 5000, 5000, 5000, 5000, 5000, 5000, 5000, 5000, 5000, 5000, 5000, 5000, 5000, 5000, 5000, 5000, 5000, 171, 70, 175, 208, 5000, 5000, 15, 0]
[5000, 5000, 5000, 5000, 5000, 5000, 5000, 5000, 5000, 5000, 5000, 5000, 5000, 5000, 5000, 5000, 5000, 5000, 5000, 5000, 5000, 5000, 5000, 5000, 5000, 5000, 5000, 5000, 0, 0]
[5000, 5000, 5000, 5000, 5000, 5000, 5000, 5000, 5000, 5000, 5000, 5000, 5000, 5000, 5000, 5000, 5000, 5000, 5000, 5000, 5000, 5000, 5000, 5000, 5000, 5000, 5000, 5000, 0, 0]
[5000, 5000, 5000, 5000, 5000, 5000, 5000, 5000, 5000, 5000, 5000, 5000, 5000, 5000, 5000, 5000, 5000, 5000, 5000, 5000, 5000, 5000, 289, 17, 20, 22, 5000, 5000, 1, 0]
[5000, 5000, 5000, 5000, 5000, 5000, 5000, 5000, 5000, 5000, 5000, 5000, 5000, 5000, 5000, 5000, 5000, 5000, 5000, 5000, 5000, 5000, 242, -1, 245, 137, 5000, 5000, 2, 0]
[5000, 5000, 5000, 5000, 5000, 5000, 5000, 5000, 5000, 5000, 5000, 5000, 5000, 5000, 5000, 5000, 5000, 5000, 5000, 5000, 5000, 5000, 258, -16, 261, 122, 5000, 5000, 3, 0]
[5000, 5000, 5000, 5000, 5000, 5000, 5000, 5000, 5000, 5000, 5000, 5000, 5000, 5000, 5000, 5000, 5000, 5000, 5000, 5000, 5000, 5000, 279, -38, 282, 100, 5000, 5000, 4, 0]
[5000, 5000, 5000, 5000, 5000, 5000, 5000, 5000, 5000, 5000, 5000, 5000, 5000, 5000, 5000, 5000, 5000, 5000, 5000, 5000, 5000, 5000, 295, -53, 298, 85, 5000, 5000, 5, 0]
[5000, 5000, 5000, 5000, 5000, 5000, 5000, 5000, 5000, 5000, 5000, 5000, 5000, 5000, 5000, 5000, 5000, 5000, 5000, 5000, 5000, 5000, 316, -73, 112, -68, 5000, 5000, 6, 0]
[5000, 5000, 5000, 5000, 5000, 5000, 5000, 5000, 5000, 5000, 5000, 5000, 5000, 5000, 5000, 5000, 5000, 5000, 5000, 5000, 5000, 5000, 326, -91, 131, -86, 5000, 5000, 7, 0]
[5000, 5000, 5000, 5000, 5000, 5000, 5000, 5000, 5000, 5000, 5000, 5000, 5000, 5000, 5000, 5000, 5000, 5000, 5000, 5000, 5000, 5000, 5000, 5000, 5000, 5000, 5000, 5000, 0, 0]
[5000, 5000, 5000, 5000, 5000, 5000, 5000, 5000, 5000, 5000, 5000, 5000, 5000, 5000, 5000, 5000, 5000, 5000, 5000, 5000, 5000, 5000, 5000, 5000, 5000, 5000, 5000, 5000, 0, 0]
[5000, 5000, 5000, 5000, 5000, 5000, 5000, 5000, 5000, 5000, 5000, 5000, 5000, 5000, 5000, 5000, 5000, 5000, 5000, 5000, 5000, 5000, 5000, 5000, 5000, 5000, 5000, 5000, 0, 0]
[5000, 5000, 5000, 5000, 5000, 5000, 5000, 5000, 5000, 5000, 5000, 5000, 5000, 5000, 5000, 5000, 5000, 5000, 5000, 5000, 5000, 5000, 5000, 5000, 443, -223, 5000, 5000, 1, 0]
[5000, 5000, 5000, 5000, 5000, 5000, 5000, 5000, 5000, 5000, 5000, 5000, 5000, 5000, 5000, 5000, 5000, 5000, 5000, 5000, 5000, 5000, 5000, 5000, 390, -169, 5000, 5000, 2, 0]
[5000, 5000, 5000, 5000, 5000, 5000, 5000, 5000, 5000, 5000, 5000, 5000, 5000, 5000, 5000, 5000, 5000, 5000, 5000, 5000, 5000, 5000, 5000, 5000, 326, -107, 5000, 5000, 3, 0]
[5000, 5000, 5000, 5000, 5000, 5000, 5000, 5000, 5000, 5000, 5000, 5000, 5000, 5000, 5000, 5000, 5000, 5000, 5000, 5000, 5000, 5000, 5000, 5000, 272, -52, 5000, 5000, 4, 0]
[5000, 5000, 288, 15, 5000, 5000, 5000, 5000, 5000, 5000, 5000, 5000, 5000, 5000, 5000, 5000, 5000, 5000, 5000, 5000, 5000, 5000, 5000, 5000, 178, 40, 5000, 5000, 5, 0]
[5000, 5000, 179, 15, 5000, 5000, 5000, 5000, 5000, 5000, 5000, 5000, 5000, 5000, 5000, 5000, 5000, 5000, 5000, 5000, 5000, 5000, 5000, 5000, 5000, 5000, 5000, 5000, 6, 0]
[5000, 5000, 63, 16, 5000, 5000, 5000, 5000, 5000, 5000, 5000, 5000, 5000, 5000, 5000, 5000, 5000, 5000, 5000, 5000, 5000, 5000, 127, 94, 164, 92, 5000, 5000, 7, 0]
[5000, 5000, 5000, 5000, 5000, 5000, 5000, 5000, 5000, 5000, 5000, 5000, 5000, 5000, 5000, 5000, 5000, 5000, 5000, 5000, 5000, 5000, 5000, 5000, 5000, 5000, 5000, 5000, 0, 0]
[5000, 5000, 5000, 5000, 5000, 5000, 5000, 5000, 5000, 5000, 5000, 5000, 5000, 5000, 5000, 5000, 5000, 5000, 5000, 5000, 5000, 5000, 79, 96, 114, 95, 5000, 5000, 1, 0]
[5000, 5000, 381, 12, 5000, 5000, 5000, 5000, 5000, 5000, 5000, 5000, 5000, 5000, 5000, 5000, 5000, 5000, 5000, 5000, 5000, 5000, 5000, 5000, 462, -264, 5000, 5000, 1, 0]
[5000, 5000, 354, 14, 5000, 5000, 5000, 5000, 5000, 5000, 5000, 5000, 5000, 5000, 5000, 5000, 5000, 5000, 5000, 5000, 5000, 5000, 5000, 5000, 463, -266, 5000, 5000, 2, 0]
[5000, 5000, 5000, 5000, 5000, 5000, 5000, 5000, 5000, 5000, 5000, 5000, 5000, 5000, 5000, 5000, 5000, 5000, 5000, 5000, 5000, 5000, 5000, 5000, 446, -249, 5000, 5000, 3, 0]
[5000, 5000, 259, 15, 5000, 5000, 5000, 5000, 5000, 5000, 5000, 5000, 5000, 5000, 5000, 5000, 5000, 5000, 5000, 5000, 5000, 5000, 5000, 5000, 402, -204, 5000, 5000, 4, 0]
[5000, 5000, 167, 18, 5000, 5000, 5000, 5000, 5000, 5000, 5000, 5000, 5000, 5000, 5000, 5000, 5000, 5000, 5000, 5000, 5000, 5000, 5000, 5000, 331, -135, 5000, 5000, 5, 0]
[5000, 5000, 74, 18, 5000, 5000, 5000, 5000, 5000, 5000, 5000, 5000, 5000, 5000, 5000, 5000, 5000, 5000, 5000, 5000, 5000, 5000, 5000, 5000, 255, -57, 5000, 5000, 6, 0]
[5000, 5000, 5000, 5000, 5000, 5000, 5000, 5000, 5000, 5000, 5000, 5000, 5000, 5000, 5000, 5000, 5000, 5000, 5000, 5000, 5000, 5000, 5000, 5000, 203, -5, 5000, 5000, 7, 0]
[5000, 5000, 5000, 5000, 5000, 5000, 5000, 5000, 5000, 5000, 5000, 5000, 5000, 5000, 5000, 5000, 5000, 5000, 5000, 5000, 5000, 5000, 5000, 5000, 205, -7, 5000, 5000, 8, 0]
[5000, 5000, 5000, 5000, 5000, 5000, 5000, 5000, 5000, 5000, 5000, 5000, 5000, 5000, 5000, 5000, 5000, 5000, 5000, 5000, 5000, 5000, 5000, 5000, 210, -13, 5000, 5000, 9, 0]
[5000, 5000, 5000, 5000, 5000, 5000, 5000, 5000, 5000, 5000, 5000, 5000, 5000, 5000, 5000, 5000, 5000, 5000, 5000, 5000, 5000, 5000, 5000, 5000, 5000, 5000, 5000, 5000, 0, 0]
[5000, 5000, 5000, 5000, 5000, 5000, 5000, 5000, 5000, 5000, 5000, 5000, 5000, 5000, 5000, 5000, 5000, 5000, 5000, 5000, 5000, 5000, 5000, 5000, 253, -53, 5000, 5000, 1, 0]
[5000, 5000, 5000, 5000, 5000, 5000, 5000, 5000, 5000, 5000, 5000, 5000, 5000, 5000, 5000, 5000, 5000, 5000, 5000, 5000, 5000, 5000, 5000, 5000, 271, -74, 5000, 5000, 2, 0]
[5000, 5000, 5000, 5000, 5000, 5000, 5000, 5000, 5000, 5000, 5000, 5000, 5000, 5000, 5000, 5000, 5000, 5000, 5000, 5000, 5000, 5000, 5000, 5000, 5000, 5000, 5000, 5000, 0, 0]
[5000, 5000, 5000, 5000, 5000, 5000, 5000, 5000, 5000, 5000, 5000, 5000, 5000, 5000, 5000, 5000, 5000, 5000, 5000, 5000, 5000, 5000, 5000, 5000, 5000, 5000, 5000, 5000, 0, 0]
[5000, 5000, 5000, 5000, 5000, 5000, 5000, 5000, 5000, 5000, 5000, 5000, 5000, 5000, 5000, 5000, 5000, 5000, 5000, 5000, 5000, 5000, 5000, 5000, 5000, 5000, 5000, 5000, 0, 0]
[5000, 5000, 5000, 5000, 5000, 5000, 5000, 5000, 5000, 5000, 5000, 5000, 5000, 5000, 5000, 5000, 5000, 5000, 5000, 5000, 5000, 5000, 5000, 5000, 5000, 5000, 5000, 5000, 0, 0]
[5000, 5000, 5000, 5000, 5000, 5000, 5000, 5000, 5000, 5000, 5000, 5000, 5000, 5000, 5000, 5000, 5000, 5000, 5000, 5000, 5000, 5000, 5000, 5000, 5000, 5000, 5000, 5000, 0, 0]
[5000, 5000, 5000, 5000, 5000, 5000, 5000, 5000, 5000, 5000, 5000, 5000, 5000, 5000, 5000, 5000, 5000, 5000, 5000, 5000, 5000, 5000, 5000, 5000, 384, -188, 5000, 5000, 1, 0]
[5000, 5000, 5000, 5000, 5000, 5000, 5000, 5000, 5000, 5000, 5000, 5000, 5000, 5000, 5000, 5000, 5000, 5000, 5000, 5000, 5000, 5000, 5000, 5000, 404, -206, 5000, 5000, 2, 0]
[5000, 5000, 5000, 5000, 5000, 5000, 5000, 5000, 5000, 5000, 5000, 5000, 5000, 5000, 5000, 5000, 5000, 5000, 5000, 5000, 5000, 5000, 5000, 5000, 418, -222, 5000, 5000, 3, 0]
[5000, 5000, 5000, 5000, 5000, 5000, 5000, 5000, 5000, 5000, 5000, 5000, 5000, 5000, 5000, 5000, 5000, 5000, 5000, 5000, 5000, 5000, 5000, 5000, 419, -223, 5000, 5000, 4, 0]
[5000, 5000, 5000, 5000, 5000, 5000, 5000, 5000, 5000, 5000, 5000, 5000, 5000, 5000, 5000, 5000, 5000, 5000, 5000, 5000, 5000, 5000, 5000, 5000, 452, -254, 5000, 5000, 5, 0]
[5000, 5000, 5000, 5000, 5000, 5000, 5000, 5000, 5000, 5000, 5000, 5000, 5000, 5000, 5000, 5000, 5000, 5000, 5000, 5000, 5000, 5000, 5000, 5000, 414, -217, 5000, 5000, 6, 0]
[5000, 5000, 5000, 5000, 5000, 5000, 5000, 5000, 5000, 5000, 5000, 5000, 5000, 5000, 5000, 5000, 5000, 5000, 5000, 5000, 5000, 5000, 5000, 5000, 353, -156, 5000, 5000, 7, 0]
[5000, 5000, 5000, 5000, 5000, 5000, 5000, 5000, 5000, 5000, 5000, 5000, 5000, 5000, 5000, 5000, 5000, 5000, 5000, 5000, 5000, 5000, 5000, 5000, 275, -77, 5000, 5000, 8, 0]
[5000, 5000, 307, 15, 5000, 5000, 5000, 5000, 5000, 5000, 5000, 5000, 5000, 5000, 5000, 5000, 5000, 5000, 5000, 5000, 5000, 5000, 5000, 5000, 196, 1, 5000, 5000, 9, 0]
[5000, 5000, 190, 14, 5000, 5000, 5000, 5000, 5000, 5000, 5000, 5000, 5000, 5000, 5000, 5000, 5000, 5000, 5000, 5000, 5000, 5000, 231, 72, 97, 73, 5000, 5000, 10, 0]
[5000, 5000, 104, 16, 5000, 5000, 5000, 5000, 5000, 5000, 5000, 5000, 5000, 5000, 5000, 5000, 5000, 5000, 5000, 5000, 5000, 5000, 228, 71, 5000, 5000, 5000, 5000, 11, 0]
[5000, 5000, 5000, 5000, 5000, 5000, 5000, 5000, 5000, 5000, 5000, 5000, 5000, 5000, 5000, 5000, 5000, 5000, 5000, 5000, 5000, 5000, 145, 73, 148, 212, 5000, 5000, 12, 0]
[5000, 5000, 5000, 5000, 5000, 5000, 5000, 5000, 5000, 5000, 5000, 5000, 5000, 5000, 5000, 5000, 5000, 5000, 5000, 5000, 5000, 5000, 212, 70, 151, 208, 5000, 5000, 13, 0]
[5000, 5000, 5000, 5000, 5000, 5000, 5000, 5000, 5000, 5000, 5000, 5000, 5000, 5000, 5000, 5000, 5000, 5000, 5000, 5000, 5000, 5000, 218, 65, 156, 203, 5000, 5000, 14, 0]
[5000, 5000, 5000, 5000, 5000, 5000, 5000, 5000, 5000, 5000, 5000, 5000, 5000, 5000, 5000, 5000, 5000, 5000, 5000, 5000, 5000, 5000, 239, 44, 177, 182, 5000, 5000, 15, 0]
[5000, 5000, 5000, 5000, 5000, 5000, 5000, 5000, 5000, 5000, 5000, 5000, 5000, 5000, 5000, 5000, 5000, 5000, 5000, 5000, 5000, 5000, 5000, 5000, 5000, 5000, 5000, 5000, 0, 0]
[5000, 5000, 5000, 5000, 5000, 5000, 5000, 5000, 5000, 5000, 5000, 5000, 5000, 5000, 5000, 5000, 5000, 5000, 5000, 5000, 5000, 5000, 5000, 5000, 5000, 5000, 5000, 5000, 0, 0]
[5000, 5000, 5000, 5000, 5000, 5000, 5000, 5000, 5000, 5000, 5000, 5000, 5000, 5000, 5000, 5000, 5000, 5000, 5000, 5000, 5000, 5000, 5000, 5000, 5000, 5000, 5000, 5000, 0, 0]
[5000, 5000, 5000, 5000, 5000, 5000, 5000, 5000, 5000, 5000, 5000, 5000, 5000, 5000, 5000, 5000, 5000, 5000, 5000, 5000, 5000, 5000, 312, -27, 44, -22, 5000, 5000, 1, 0]
[5000, 5000, 5000, 5000, 5000, 5000, 5000, 5000, 5000, 5000, 5000, 5000, 5000, 5000, 5000, 5000, 5000, 5000, 5000, 5000, 5000, 5000, 266, -47, 62, -42, 5000, 5000, 2, 0]
[5000, 5000, 5000, 5000, 5000, 5000, 5000, 5000, 5000, 5000, 5000, 5000, 5000, 5000, 5000, 5000, 5000, 5000, 5000, 5000, 5000, 5000, 348, -64, 80, -59, 5000, 5000, 3, 0]
[5000, 5000, 5000, 5000, 5000, 5000, 5000, 5000, 5000, 5000, 5000, 5000, 5000, 5000, 5000, 5000, 5000, 5000, 5000, 5000, 5000, 5000, 367, -84, 100, -79, 5000, 5000, 4, 0]
[5000, 5000, 5000, 5000, 5000, 5000, 5000, 5000, 5000, 5000, 5000, 5000, 5000, 5000, 5000, 5000, 5000, 5000, 5000, 5000, 5000, 5000, 388, -103, 119, -97, 5000, 5000, 5, 0]
[5000, 5000, 5000, 5000, 5000, 5000, 5000, 5000, 5000, 5000, 5000, 5000, 5000, 5000, 5000, 5000, 5000, 5000, 5000, 5000, 5000, 5000, 403, -119, 134, -114, 5000, 5000, 6, 0]
[5000, 5000, 5000, 5000, 5000, 5000, 5000, 5000, 5000, 5000, 5000, 5000, 5000, 5000, 5000, 5000, 5000, 5000, 5000, 5000, 5000, 5000, 5000, 5000, 5000, 5000, 5000, 5000, 0, 0]
[5000, 5000, 5000, 5000, 5000, 5000, 5000, 5000, 5000, 5000, 5000, 5000, 5000, 5000, 5000, 5000, 5000, 5000, 5000, 5000, 5000, 5000, 5000, 5000, 5000, 5000, 5000, 5000, 0, 0]
[5000, 5000, 5000, 5000, 5000, 5000, 5000, 5000, 5000, 5000, 5000, 5000, 5000, 5000, 5000, 5000, 5000, 5000, 5000, 5000, 5000, 5000, 5000, 5000, 456, -260, 5000, 5000, 1, 0]
[5000, 5000, 5000, 5000, 5000, 5000, 5000, 5000, 5000, 5000, 5000, 5000, 5000, 5000, 5000, 5000, 5000, 5000, 5000, 5000, 5000, 5000, 5000, 5000, 422, -225, 5000, 5000, 2, 0]
[5000, 5000, 5000, 5000, 5000, 5000, 5000, 5000, 5000, 5000, 5000, 5000, 5000, 5000, 5000, 5000, 5000, 5000, 5000, 5000, 5000, 5000, 5000, 5000, 362, -166, 5000, 5000, 3, 0]
[5000, 5000, 5000, 5000, 5000, 5000, 5000, 5000, 5000, 5000, 5000, 5000, 5000, 5000, 5000, 5000, 5000, 5000, 5000, 5000, 5000, 5000, 5000, 5000, 291, -94, 5000, 5000, 4, 0]
[5000, 5000, 318, 17, 5000, 5000, 5000, 5000, 5000, 5000, 5000, 5000, 5000, 5000, 5000, 5000, 5000, 5000, 5000, 5000, 5000, 5000, 5000, 5000, 205, -8, 5000, 5000, 5, 0]
[5000, 5000, 213, 15, 5000, 5000, 5000, 5000, 5000, 5000, 5000, 5000, 5000, 5000, 5000, 5000, 5000, 5000, 5000, 5000, 5000, 5000, 5000, 5000, 5000, 5000, 5000, 5000, 6, 0]
[5000, 5000, 99, 16, 5000, 5000, 5000, 5000, 5000, 5000, 5000, 5000, 5000, 5000, 5000, 5000, 5000, 5000, 5000, 5000, 5000, 5000, 223, 70, 5000, 5000, 5000, 5000, 7, 0]
[5000, 5000, 5000, 5000, 5000, 5000, 5000, 5000, 5000, 5000, 5000, 5000, 5000, 5000, 5000, 5000, 5000, 5000, 5000, 5000, 5000, 5000, 145, 73, 148, 212, 5000, 5000, 8, 0]
[5000, 5000, 5000, 5000, 5000, 5000, 5000, 5000, 5000, 5000, 5000, 5000, 5000, 5000, 5000, 5000, 5000, 5000, 5000, 5000, 5000, 5000, 213, 71, 151, 208, 5000, 5000, 9, 0]
[5000, 5000, 5000, 5000, 5000, 5000, 5000, 5000, 5000, 5000, 5000, 5000, 5000, 5000, 5000, 5000, 5000, 5000, 5000, 5000, 5000, 5000, 224, 59, 162, 197, 5000, 5000, 10, 0]
[5000, 5000, 5000, 5000, 5000, 5000, 5000, 5000, 5000, 5000, 5000, 5000, 5000, 5000, 5000, 5000, 5000, 5000, 5000, 5000, 5000, 5000, 243, 39, 182, 177, 5000, 5000, 11, 0]
[5000, 5000, 5000, 5000, 5000, 5000, 5000, 5000, 5000, 5000, 5000, 5000, 5000, 5000, 5000, 5000, 5000, 5000, 5000, 5000, 5000, 5000, 5000, 5000, 5000, 5000, 5000, 5000, 0, 0]
[5000, 5000, 5000, 5000, 5000, 5000, 5000, 5000, 5000, 5000, 5000, 5000, 5000, 5000, 5000, 5000, 5000, 5000, 5000, 5000, 5000, 5000, 5000, 5000, 5000, 5000, 5000, 5000, 0, 0]
[5000, 5000, 5000, 5000, 5000, 5000, 5000, 5000, 5000, 5000, 5000, 5000, 5000, 5000, 5000, 5000, 5000, 5000, 5000, 5000, 5000, 5000, 299, -15, 31, -10, 5000, 5000, 1, 0]
[5000, 5000, 5000, 5000, 5000, 5000, 5000, 5000, 5000, 5000, 5000, 5000, 5000, 5000, 5000, 5000, 5000, 5000, 5000, 5000, 5000, 5000, 310, -27, 43, -22, 5000, 5000, 2, 0]
[5000, 5000, 5000, 5000, 5000, 5000, 5000, 5000, 5000, 5000, 5000, 5000, 5000, 5000, 5000, 5000, 5000, 5000, 5000, 5000, 5000, 5000, 334, -49, 66, -44, 5000, 5000, 3, 0]
[5000, 5000, 5000, 5000, 5000, 5000, 5000, 5000, 5000, 5000, 5000, 5000, 5000, 5000, 5000, 5000, 5000, 5000, 5000, 5000, 5000, 5000, 353, -70, 86, -65, 5000, 5000, 4, 0]
[5000, 5000, 5000, 5000, 5000, 5000, 5000, 5000, 5000, 5000, 5000, 5000, 5000, 5000, 5000, 5000, 5000, 5000, 5000, 5000, 5000, 5000, 364, -80, 96, -75, 5000, 5000, 5, 0]
[5000, 5000, 5000, 5000, 5000, 5000, 5000, 5000, 5000, 5000, 5000, 5000, 5000, 5000, 5000, 5000, 5000, 5000, 5000, 5000, 5000, 5000, 385, -100, 115, -94, 5000, 5000, 6, 0]
[5000, 5000, 5000, 5000, 5000, 5000, 5000, 5000, 5000, 5000, 5000, 5000, 5000, 5000, 5000, 5000, 5000, 5000, 5000, 5000, 5000, 5000, 5000, 5000, 5000, 5000, 5000, 5000, 0, 0]
[5000, 5000, 5000, 5000, 5000, 5000, 5000, 5000, 5000, 5000, 5000, 5000, 5000, 5000, 5000, 5000, 5000, 5000, 5000, 5000, 5000, 5000, 5000, 5000, 5000, 5000, 5000, 5000, 0, 0]
[5000, 5000, 5000, 5000, 5000, 5000, 5000, 5000, 5000, 5000, 5000, 5000, 5000, 5000, 5000, 5000, 5000, 5000, 5000, 5000, 5000, 5000, 5000, 5000, 461, -264, 5000, 5000, 1, 0]
[5000, 5000, 5000, 5000, 5000, 5000, 5000, 5000, 5000, 5000, 5000, 5000, 5000, 5000, 5000, 5000, 5000, 5000, 5000, 5000, 5000, 5000, 5000, 5000, 441, -244, 5000, 5000, 2, 0]
[5000, 5000, 5000, 5000, 5000, 5000, 5000, 5000, 5000, 5000, 5000, 5000, 5000, 5000, 5000, 5000, 5000, 5000, 5000, 5000, 5000, 5000, 5000, 5000, 388, -190, 5000, 5000, 3, 0]
[5000, 5000, 5000, 5000, 5000, 5000, 5000, 5000, 5000, 5000, 5000, 5000, 5000, 5000, 5000, 5000, 5000, 5000, 5000, 5000, 5000, 5000, 5000, 5000, 321, -125, 5000, 5000, 4, 0]
[5000, 5000, 348, 17, 5000, 5000, 5000, 5000, 5000, 5000, 5000, 5000, 5000, 5000, 5000, 5000, 5000, 5000, 5000, 5000, 5000, 5000, 5000, 5000, 230, -33, 5000, 5000, 5, 0]
[5000, 5000, 260, 17, 5000, 5000, 5000, 5000, 5000, 5000, 5000, 5000, 5000, 5000, 5000, 5000, 5000, 5000, 5000, 5000, 5000, 5000, 5000, 5000, 157, 40, 5000, 5000, 6, 0]
[5000, 5000, 149, 17, 5000, 5000, 5000, 5000, 5000, 5000, 5000, 5000, 5000, 5000, 5000, 5000, 5000, 5000, 5000, 5000, 5000, 5000, 198, 71, 62, 74, 5000, 5000, 7, 0]
[5000, 5000, 5000, 5000, 5000, 5000, 5000, 5000, 5000, 5000, 5000, 5000, 5000, 5000, 5000, 5000, 5000, 5000, 5000, 5000, 5000, 5000, 163, 72, 5000, 5000, 5000, 5000, 8, 0]
[5000, 5000, 5000, 5000, 5000, 5000, 5000, 5000, 5000, 5000, 44, 52, 5000, 5000, 5000, 5000, 5000, 5000, 5000, 5000, 5000, 5000, 5000, 5000, 5000, 5000, 5000, 5000, 9, 0]
[5000, 5000, 5000, 5000, 5000, 5000, 5000, 5000, 5000, 5000, 5000, 5000, 5000, 5000, 5000, 5000, 5000, 5000, 5000, 5000, 5000, 5000, 5000, 5000, 5000, 5000, 5000, 5000, 10, 0]
[5000, 5000, 5000, 5000, 5000, 5000, 5000, 5000, 5000, 5000, 5000, 5000, 5000, 5000, 16, 43, 5000, 5000, 5000, 5000, 5000, 5000, 5000, 5000, 5000, 5000, 5000, 5000, 11, 0]
[5000, 5000, 5000, 5000, 5000, 5000, 5000, 5000, 5000, 5000, 5000, 5000, 5000, 5000, 14, 46, 5000, 5000, 5000, 5000, 5000, 5000, 5000, 5000, 5000, 5000, 5000, 5000, 12, 0]
[5000, 5000, 5000, 5000, 5000, 5000, 5000, 5000, 5000, 5000, 5000, 5000, 5000, 5000, 14, 46, 5000, 5000, 5000, 5000, 5000, 5000, 5000, 5000, 5000, 5000, 5000, 5000, 13, 0]
[5000, 5000, 5000, 5000, 5000, 5000, 5000, 5000, 5000, 5000, 5000, 5000, 5000, 5000, 14, 45, 5000, 5000, 5000, 5000, 5000, 5000, 5000, 5000, 5000, 5000, 5000, 5000, 14, 0]
[5000, 5000, 5000, 5000, 5000, 5000, 5000, 5000, 5000, 5000, 5000, 5000, 5000, 5000, 14, 46, 5000, 5000, 5000, 5000, 5000, 5000, 5000, 5000, 5000, 5000, 5000, 5000, 15, 0]
[5000, 5000, 5000, 5000, 5000, 5000, 5000, 5000, 5000, 5000, 5000, 5000, 5000, 5000, 15, 48, 5000, 5000, 5000, 5000, 5000, 5000, 5000, 5000, 5000, 5000, 5000, 5000, 16, 0]
[5000, 5000, 5000, 5000, 5000, 5000, 5000, 5000, 5000, 5000, 5000, 5000, 5000, 5000, 14, 46, 5000, 5000, 5000, 5000, 5000, 5000, 5000, 5000, 5000, 5000, 5000, 5000, 17, 0]
[5000, 5000, 5000, 5000, 5000, 5000, 5000, 5000, 5000, 5000, 5000, 5000, 5000, 5000, 14, 46, 5000, 5000, 5000, 5000, 5000, 5000, 5000, 5000, 5000, 5000, 5000, 5000, 18, 0]
[5000, 5000, 5000, 5000, 5000, 5000, 5000, 5000, 5000, 5000, 5000, 5000, 5000, 5000, 14, 46, 5000, 5000, 5000, 5000, 5000, 5000, 5000, 5000, 5000, 5000, 5000, 5000, 19, 0]
[5000, 5000, 5000, 5000, 5000, 5000, 5000, 5000, 5000, 5000, 5000, 5000, 5000, 5000, 14, 46, 5000, 5000, 5000, 5000, 5000, 5000, 5000, 5000, 5000, 5000, 5000, 5000, 20, 0]
[5000, 5000, 5000, 5000, 5000, 5000, 5000, 5000, 5000, 5000, 5000, 5000, 5000, 5000, 9, -27, 5000, 5000, 5000, 5000, 5000, 5000, 5000, 5000, 5000, 5000, 5000, 5000, 21, 0]
[5000, 5000, 5000, 5000, 5000, 5000, 5000, 5000, 5000, 5000, 5000, 5000, 5000, 5000, 5000, 5000, 5000, 5000, 5000, 5000, 5000, 5000, 5000, 5000, 5000, 5000, 5000, 5000, 22, 0]
[5000, 5000, 5000, 5000, 5000, 5000, 5000, 5000, 5000, 5000, 5000, 5000, 5000, 5000, 5000, 5000, 5000, 5000, 5000, 5000, 5000, 5000, 5000, 5000, 5000, 5000, 5000, 5000, 23, 0]
[5000, 5000, 5000, 5000, 5000, 5000, 5000, 5000, 5000, 5000, 5000, 5000, 5000, 5000, 5000, 5000, 5000, 5000, 5000, 5000, 5000, 5000, 5000, 5000, 5000, 5000, 5000, 5000, 24, 0]
[5000, 5000, 5000, 5000, 5000, 5000, 5000, 5000, 5000, 5000, 5000, 5000, 5000, 5000, 5000, 5000, 5000, 5000, 5000, 5000, 5000, 5000, 5000, 5000, 5000, 5000, 5000, 5000, 25, 0]
[5000, 5000, 211, 16, 5000, 5000, 5000, 5000, 5000, 5000, 5000, 5000, 5000, 5000, 14, 77, 5000, 5000, 5000, 5000, 5000, 5000, 5000, 5000, 5000, 5000, 5000, 5000, 26, 0]
[5000, 5000, 194, 15, 5000, 5000, 5000, 5000, 5000, 5000, 5000, 5000, 5000, 5000, 14, 79, 5000, 5000, 5000, 5000, 5000, 5000, 5000, 5000, 5000, 5000, 5000, 5000, 27, 0]
[5000, 5000, 178, 16, 5000, 5000, 5000, 5000, 5000, 5000, 5000, 5000, 5000, 5000, 14, 79, 5000, 5000, 5000, 5000, 5000, 5000, 5000, 5000, 5000, 5000, 5000, 5000, 28, 0]
[5000, 5000, 164, 15, 5000, 5000, 5000, 5000, 5000, 5000, 5000, 5000, 5000, 5000, 14, 78, 5000, 5000, 5000, 5000, 5000, 5000, 5000, 5000, 5000, 5000, 5000, 5000, 29, 0]
[5000, 5000, 149, 16, 5000, 5000, 5000, 5000, 5000, 5000, 5000, 5000, 5000, 5000, 15, 79, 5000, 5000, 5000, 5000, 5000, 5000, 5000, 5000, 5000, 5000, 5000, 5000, 30, 0]
[5000, 5000, 124, 14, 5000, 5000, 5000, 5000, 5000, 5000, 5000, 5000, 5000, 5000, 15, 78, 5000, 5000, 5000, 5000, 5000, 5000, 5000, 5000, 5000, 5000, 5000, 5000, 31, 0]
[5000, 5000, 106, 16, 5000, 5000, 5000, 5000, 5000, 5000, 5000, 5000, 5000, 5000, 14, 78, 5000, 5000, 5000, 5000, 5000, 5000, 5000, 5000, 5000, 5000, 5000, 5000, 32, 0]
[5000, 5000, 86, 16, 5000, 5000, 5000, 5000, 5000, 5000, 5000, 5000, 5000, 5000, 15, 78, 5000, 5000, 5000, 5000, 5000, 5000, 5000, 5000, 5000, 5000, 5000, 5000, 33, 0]
[5000, 5000, 85, 16, 5000, 5000, 5000, 5000, 5000, 5000, 5000, 5000, 5000, 5000, 15, 78, 5000, 5000, 5000, 5000, 5000, 5000, 5000, 5000, 5000, 5000, 5000, 5000, 34, 0]
[5000, 5000, 106, 16, 5000, 5000, 5000, 5000, 5000, 5000, 5000, 5000, 5000, 5000, 14, 78, 5000, 5000, 5000, 5000, 5000, 5000, 5000, 5000, 5000, 5000, 5000, 5000, 35, 0]
[5000, 5000, 122, 16, 5000, 5000, 5000, 5000, 5000, 5000, 5000, 5000, 5000, 5000, 14, 79, 5000, 5000, 5000, 5000, 5000, 5000, 5000, 5000, 5000, 5000, 5000, 5000, 36, 0]
[5000, 5000, 139, 16, 5000, 5000, 5000, 5000, 5000, 5000, 5000, 5000, 5000, 5000, 14, 79, 5000, 5000, 5000, 5000, 5000, 5000, 5000, 5000, 5000, 5000, 5000, 5000, 37, 0]
[5000, 5000, 156, 16, 5000, 5000, 5000, 5000, 5000, 5000, 5000, 5000, 5000, 5000, 14, 79, 5000, 5000, 5000, 5000, 5000, 5000, 5000, 5000, 5000, 5000, 5000, 5000, 38, 0]
[5000, 5000, 169, 15, 5000, 5000, 5000, 5000, 5000, 5000, 5000, 5000, 5000, 5000, 14, 78, 5000, 5000, 5000, 5000, 5000, 5000, 5000, 5000, 5000, 5000, 5000, 5000, 39, 0]
[5000, 5000, 185, 15, 5000, 5000, 5000, 5000, 5000, 5000, 5000, 5000, 5000, 5000, 14, 79, 5000, 5000, 5000, 5000, 5000, 5000, 5000, 5000, 5000, 5000, 5000, 5000, 40, 0]
[5000, 5000, 206, 15, 5000, 5000, 5000, 5000, 5000, 5000, 5000, 5000, 5000, 5000, 14, 78, 5000, 5000, 5000, 5000, 5000, 5000, 5000, 5000, 5000, 5000, 5000, 5000, 41, 0]
[5000, 5000, 215, 15, 5000, 5000, 5000, 5000, 5000, 5000, 5000, 5000, 5000, 5000, 14, 78, 5000, 5000, 5000, 5000, 5000, 5000, 5000, 5000, 5000, 5000, 5000, 5000, 42, 0]
